Player,Team,GP,MP,PTS,AST,FG,FGA,FG%,3P,3PA,3P%,FT,FTA,FT%,ORB,DRB,STL,BLK,TOV,PF,ORtg,DRtg
Alex Abrines,OKC,68,1055,18.9,1.9,6.2,15.9,0.393,4.4,11.5,0.381,2.0,2.3,0.898,0.8,3.2,1.7,0.4,1.5,5.3,113,110
Quincy Acy,TOT,38,558,19.0,1.5,6.0,14.6,0.412,3.2,7.7,0.411,3.9,5.1,0.750,1.7,8.1,1.2,1.3,1.8,5.7,109,110
Quincy Acy,DAL,6,48,14.1,0.0,5.4,18.4,0.294,1.1,7.6,0.143,2.2,3.3,0.667,2.2,6.5,0.0,0.0,2.2,9.8,71,113
Quincy Acy,BRK,32,510,19.4,1.7,6.0,14.2,0.425,3.3,7.7,0.434,4.0,5.3,0.754,1.7,8.3,1.3,1.4,1.8,5.4,113,110
Steven Adams,OKC,80,2389,18.6,1.8,7.7,13.5,0.571,0.0,0.0,0.000,3.2,5.3,0.611,5.8,6.8,1.8,1.6,3.0,4.0,114,107
Arron Afflalo,SAC,61,1580,16.5,2.5,5.9,13.5,0.440,2.0,4.8,0.411,2.7,3.0,0.892,0.3,3.7,0.7,0.2,1.3,3.3,109,116
Alexis Ajinca,NOP,39,584,17.4,1.0,7.5,14.9,0.500,0.0,0.3,0.000,2.4,3.4,0.725,3.9,11.0,1.7,1.8,2.6,6.5,101,104
Cole Aldrich,MIN,62,531,10.0,2.4,4.3,8.2,0.523,0.0,0.0,,1.4,2.1,0.682,4.9,10.2,2.4,2.2,1.6,8.1,118,107
LaMarcus Aldridge,SAS,72,2335,27.1,3.0,10.9,22.9,0.477,0.5,1.2,0.411,4.8,5.9,0.812,3.8,7.7,1.0,1.9,2.1,3.4,111,104
Lavoy Allen,IND,61,871,10.2,3.3,4.4,9.7,0.458,0.0,0.1,0.000,1.3,1.9,0.697,6.0,6.6,1.0,1.4,1.7,4.5,114,110
Tony Allen,MEM,71,1914,17.5,2.7,7.4,16.2,0.461,0.4,1.5,0.278,2.2,3.5,0.615,4.5,6.1,3.1,0.8,2.7,4.8,101,105
Al-Farouq Aminu,POR,61,1773,14.9,2.8,5.1,13.1,0.393,2.0,5.9,0.330,2.7,3.8,0.706,2.2,10.5,1.7,1.2,2.6,2.9,100,108
Chris Andersen,CLE,12,114,12.3,2.2,3.9,9.6,0.409,0.0,1.3,0.000,4.4,6.1,0.714,3.9,9.6,2.2,3.1,2.2,8.8,107,104
Alan Anderson,LAC,30,308,14.0,1.8,4.9,13.0,0.375,2.3,7.1,0.318,1.9,2.6,0.750,0.5,3.4,0.5,0.0,1.1,5.7,100,114
Justin Anderson,TOT,75,1228,21.9,2.7,7.7,18.1,0.424,2.4,8.0,0.299,4.2,5.3,0.791,2.8,7.3,1.7,0.9,2.7,4.5,104,108
Justin Anderson,DAL,51,710,24.1,2.3,8.1,20.3,0.401,2.7,8.9,0.303,5.1,6.5,0.795,2.9,8.1,2.1,1.2,2.9,4.7,101,107
Justin Anderson,PHI,24,518,19.1,3.2,7.1,15.2,0.463,2.0,6.8,0.292,3.0,3.9,0.780,2.8,6.2,1.2,0.7,2.4,4.2,109,111
Kyle Anderson,SAS,72,1020,12.3,4.5,4.6,10.4,0.445,0.7,2.0,0.375,2.2,2.8,0.789,1.6,8.7,2.5,1.3,1.9,3.1,109,101
Ryan Anderson,HOU,72,2116,22.2,1.5,7.3,17.5,0.418,4.6,11.5,0.403,2.9,3.4,0.860,2.5,4.9,0.7,0.3,1.2,3.2,119,113
Giannis Antetokounmpo,MIL,80,2845,32.7,7.7,11.7,22.5,0.521,0.9,3.2,0.272,8.4,10.9,0.770,2.5,10.0,2.3,2.7,4.2,4.4,116,104
Carmelo Anthony,NYK,74,2538,32.7,4.2,11.9,27.4,0.433,3.0,8.3,0.359,6.0,7.2,0.833,1.2,7.4,1.2,0.7,3.0,3.9,108,113
Joel Anthony,SAS,19,122,10.4,1.3,4.2,6.7,0.625,0.0,0.0,,2.1,3.3,0.625,3.3,9.6,0.8,2.5,1.7,4.6,121,102
Trevor Ariza,HOU,80,2773,16.2,3.0,5.6,13.8,0.409,3.3,9.6,0.344,1.6,2.2,0.738,0.9,7.0,2.5,0.3,1.3,2.3,113,108
Darrell Arthur,DEN,41,639,20.0,3.2,7.3,16.4,0.442,4.1,8.9,0.453,1.5,1.7,0.864,1.9,6.6,1.5,1.6,2.8,5.8,110,112
Omer Asik,NOP,31,482,8.6,1.5,3.1,6.6,0.477,0.0,0.0,,2.3,4.0,0.590,4.9,11.7,0.5,1.0,1.4,5.2,114,107
D.J. Augustin,ORL,78,1538,19.9,6.7,6.3,16.7,0.377,3.1,8.8,0.347,4.2,5.2,0.814,0.5,3.3,1.0,0.0,2.9,3.3,104,115
Luke Babbitt,MIA,68,1065,15.3,1.7,5.3,13.3,0.402,4.1,9.9,0.414,0.5,0.7,0.733,0.6,6.1,0.9,0.5,1.2,5.6,110,109
Ron Baker,NYK,52,857,12.5,6.2,4.8,12.7,0.378,1.3,5.0,0.267,1.6,2.5,0.651,0.7,5.0,2.0,0.5,3.3,4.3,92,113
Wade Baldwin,MEM,33,405,13.6,7.8,4.6,14.8,0.313,0.4,2.8,0.136,4.0,4.8,0.838,1.4,4.5,2.3,0.9,5.0,5.1,83,107
Leandro Barbosa,PHO,67,963,20.8,4.0,8.6,19.5,0.439,1.7,4.9,0.357,2.0,2.2,0.889,0.7,4.4,1.5,0.4,2.4,4.1,103,114
J.J. Barea,DAL,35,771,25.7,13.0,9.6,23.2,0.414,3.6,10.0,0.358,3.0,3.4,0.863,0.6,5.1,0.9,0.1,4.3,2.0,106,112
Harrison Barnes,DAL,79,2803,28.2,2.2,11.1,23.8,0.468,1.4,4.1,0.351,4.5,5.2,0.861,1.7,5.6,1.2,0.3,1.9,2.4,106,111
Matt Barnes,TOT,74,1777,14.8,5.5,5.2,13.3,0.391,2.4,7.4,0.331,2.0,2.5,0.787,2.0,8.8,1.4,0.7,3.0,5.2,102,109
Matt Barnes,SAC,54,1367,15.3,5.6,5.4,14.2,0.384,2.6,7.8,0.327,1.9,2.4,0.758,2.0,8.8,1.3,0.6,3.1,5.1,100,111
Matt Barnes,GSW,20,410,13.4,5.3,4.5,10.6,0.422,2.1,6.1,0.346,2.3,2.7,0.870,1.8,8.9,1.4,1.1,2.8,5.5,110,104
Will Barton,DEN,60,1705,23.5,5.9,8.4,19.1,0.443,2.5,6.7,0.370,4.1,5.4,0.753,1.7,5.8,1.4,0.8,2.8,3.2,112,114
Brandon Bass,LAC,52,577,25.3,1.8,9.3,16.1,0.575,0.1,0.3,0.333,6.7,7.6,0.875,3.7,7.4,1.2,1.0,2.5,3.9,125,109
Nicolas Batum,CHO,77,2617,22.3,8.7,7.5,18.7,0.403,2.6,7.8,0.333,4.7,5.4,0.856,0.9,8.3,1.6,0.6,3.7,2.1,105,108
Jerryd Bayless,PHI,3,71,22.6,8.9,7.5,22.0,0.344,1.4,3.4,0.400,6.2,6.9,0.900,2.1,6.2,0.0,0.0,6.2,2.7,90,114
Aron Baynes,DET,75,1163,15.9,1.4,6.2,12.1,0.513,0.0,0.0,,3.4,4.1,0.840,4.8,9.6,0.7,1.7,2.2,7.2,114,106
Kent Bazemore,ATL,73,1963,20.1,4.4,7.4,18.1,0.409,2.3,6.7,0.346,3.0,4.2,0.708,1.1,4.7,2.3,1.3,3.1,4.1,97,106
Bradley Beal,WAS,77,2684,32.7,4.9,11.7,24.3,0.482,4.1,10.1,0.404,5.2,6.3,0.825,1.0,3.4,1.5,0.4,2.9,3.1,117,112
Malik Beasley,DEN,22,165,24.6,3.3,9.8,21.6,0.452,2.7,8.3,0.321,2.4,3.0,0.800,1.5,3.6,2.1,0.0,2.4,3.0,107,114
Michael Beasley,MIL,56,935,28.7,2.9,11.7,22.1,0.532,1.0,2.3,0.419,4.2,5.7,0.743,2.2,8.3,1.5,1.5,3.6,5.0,106,109
Marco Belinelli,CHO,74,1778,22.0,4.1,7.4,17.4,0.429,2.9,8.0,0.360,4.2,4.7,0.893,0.4,4.6,1.2,0.3,2.0,2.5,110,112
DeAndre' Bembry,ATL,38,371,13.4,3.7,6.2,13.0,0.480,0.1,2.4,0.056,0.8,2.1,0.375,1.9,6.0,1.1,0.7,2.1,2.8,97,108
Dragan Bender,PHO,43,574,12.2,1.9,4.8,13.4,0.354,2.3,8.4,0.277,0.3,0.9,0.364,1.9,6.7,0.8,1.8,2.7,6.2,86,113
Anthony Bennett,BRK,23,264,20.7,2.2,6.8,16.5,0.413,2.3,8.6,0.271,4.7,6.5,0.722,4.5,9.5,0.9,0.5,2.2,3.2,110,111
Ben Bentil,DAL,3,10,0.0,0.0,0.0,15.6,0.000,0.0,5.2,0.000,0.0,0.0,,0.0,10.4,0.0,0.0,5.2,5.2,0,111
Dāvis Bertāns,SAS,67,808,19.1,2.9,6.5,14.8,0.440,4.4,10.9,0.399,1.8,2.1,0.824,1.4,4.8,1.3,1.8,2.0,4.7,115,105
Patrick Beverley,HOU,67,2058,14.9,6.6,5.3,12.7,0.420,2.6,6.7,0.382,1.7,2.2,0.768,2.2,6.9,2.3,0.6,2.3,5.2,116,108
Bismack Biyombo,ORL,81,1793,13.4,2.0,4.9,9.4,0.528,0.0,0.0,,3.5,6.5,0.534,4.3,11.3,0.7,2.5,2.6,5.6,106,108
Nemanja Bjelica,MIN,65,1190,17.2,3.4,6.4,15.2,0.424,2.4,7.5,0.316,1.9,2.6,0.738,2.4,8.0,1.7,0.9,2.5,6.6,105,111
Tarik Black,LAL,67,1091,17.1,1.7,6.7,13.1,0.510,0.0,0.1,0.500,3.7,4.9,0.752,6.4,8.9,1.3,2.0,2.6,7.7,114,111
Eric Bledsoe,PHO,66,2176,30.6,9.2,9.9,22.7,0.434,2.3,6.8,0.335,8.5,10.1,0.847,1.1,5.9,2.0,0.7,4.9,3.6,111,112
Bojan Bogdanović,TOT,81,2083,25.6,2.6,8.7,19.4,0.445,3.3,9.0,0.367,5.0,5.6,0.893,0.9,5.5,0.8,0.2,3.0,3.4,108,114
Bojan Bogdanović,BRK,55,1482,25.0,2.9,8.6,19.5,0.440,3.2,8.9,0.357,4.7,5.3,0.874,0.7,5.6,0.8,0.1,3.0,3.2,106,114
Bojan Bogdanović,WAS,26,601,27.1,1.7,8.8,19.2,0.457,3.7,9.4,0.391,5.8,6.2,0.934,1.1,5.4,0.8,0.3,3.1,3.9,113,113
Andrew Bogut,TOT,27,583,7.1,4.4,3.4,7.2,0.469,0.0,0.1,0.000,0.3,1.0,0.273,5.0,14.5,1.2,2.2,3.8,7.7,93,104
Andrew Bogut,DAL,26,582,7.1,4.4,3.4,7.2,0.469,0.0,0.1,0.000,0.3,1.0,0.273,5.0,14.5,1.2,2.2,3.8,7.5,93,104
Andrew Bogut,CLE,1,1,0.0,0.0,0.0,0.0,,0.0,0.0,,0.0,0.0,,0.0,0.0,0.0,0.0,0.0,99.8,,114
Joel Bolomboy,UTA,12,53,21.8,2.0,8.9,15.8,0.563,1.0,4.0,0.250,3.0,5.9,0.500,4.0,12.9,1.0,2.0,2.0,1.0,117,102
Devin Booker,PHO,78,2730,30.3,4.7,10.6,25.1,0.423,2.6,7.1,0.363,6.4,7.7,0.832,0.8,3.6,1.3,0.4,4.2,4.2,103,116
Trevor Booker,BRK,71,1754,19.2,3.7,8.2,16.0,0.516,0.7,2.1,0.321,2.0,3.0,0.673,3.9,11.6,2.0,0.8,3.4,4.1,105,107
Avery Bradley,BOS,55,1835,24.2,3.3,9.7,20.9,0.463,2.9,7.5,0.390,1.8,2.5,0.731,1.8,7.3,1.8,0.3,2.4,3.8,105,108
Corey Brewer,TOT,82,1281,14.0,3.6,5.5,13.1,0.422,1.0,4.4,0.229,1.9,2.6,0.735,1.2,5.0,2.3,0.8,2.1,5.0,101,110
Corey Brewer,HOU,58,923,12.6,3.2,4.9,11.8,0.414,1.1,4.9,0.234,1.7,2.3,0.727,1.1,4.8,1.9,0.6,1.9,5.4,100,110
Corey Brewer,LAL,24,358,17.6,4.9,7.2,16.5,0.438,0.7,3.3,0.208,2.4,3.3,0.750,1.5,5.6,3.3,1.1,2.6,3.9,101,110
Malcolm Brogdon,MIL,75,1982,19.7,8.1,7.4,16.3,0.457,2.0,4.9,0.404,2.8,3.2,0.865,1.2,4.3,2.2,0.3,2.9,3.6,111,111
Aaron Brooks,IND,65,894,18.0,7.0,6.8,16.8,0.403,2.7,7.2,0.375,1.8,2.2,0.800,1.0,2.9,1.4,0.5,3.7,5.2,98,113
Anthony Brown,TOT,11,159,13.3,2.5,5.6,15.4,0.360,2.2,8.3,0.259,0.0,0.0,,2.5,7.7,1.5,0.3,1.9,4.6,89,108
Anthony Brown,NOP,9,143,11.6,2.1,4.8,14.0,0.341,2.1,8.2,0.250,0.0,0.0,,2.1,6.8,1.7,0.3,1.7,4.5,85,108
Anthony Brown,ORL,2,16,27.9,6.2,12.4,27.9,0.444,3.1,9.3,0.333,0.0,0.0,,6.2,15.5,0.0,0.0,3.1,6.2,104,110
Bobby Brown,HOU,25,123,24.2,5.5,9.0,23.4,0.383,5.5,13.7,0.400,0.8,0.8,1.000,0.0,2.3,0.4,0.0,2.0,2.0,105,116
Jaylen Brown,BOS,78,1341,19.0,2.4,7.1,15.6,0.454,1.7,5.0,0.341,3.1,4.6,0.685,1.7,6.5,1.3,0.7,2.5,5.3,102,110
Nicolas Brussino,DAL,54,521,15.0,4.7,5.2,14.1,0.369,2.9,9.5,0.305,1.7,2.2,0.773,2.6,6.9,1.7,0.8,2.6,4.3,101,109
Reggie Bullock,DET,31,467,15.3,3.1,5.8,13.8,0.422,3.0,7.9,0.384,0.5,0.8,0.714,1.4,5.5,1.9,0.3,1.1,2.4,112,108
Trey Burke,WAS,57,703,20.0,7.0,8.1,17.9,0.455,2.2,4.9,0.443,1.5,2.0,0.759,0.5,2.8,0.8,0.4,3.4,3.8,103,114
Alec Burks,UTA,42,653,22.7,2.4,7.9,19.9,0.399,2.0,6.1,0.329,4.8,6.3,0.769,1.4,8.3,1.4,0.4,2.8,4.0,98,106
Jimmy Butler,CHI,76,2809,32.6,7.5,10.2,22.5,0.455,1.6,4.4,0.367,10.5,12.1,0.865,2.3,6.1,2.6,0.6,2.9,2.0,123,106
Bruno Caboclo,TOR,9,40,17.7,5.1,7.6,20.3,0.375,2.5,7.6,0.333,0.0,0.0,,6.3,6.3,2.5,1.3,2.5,5.1,103,106
Jose Calderon,TOT,41,539,12.8,8.0,5.0,12.2,0.410,1.8,5.8,0.313,1.0,1.1,0.917,1.4,5.4,1.0,0.1,3.7,3.3,100,113
Jose Calderon,LAL,24,292,13.3,8.5,5.3,12.8,0.416,2.0,5.7,0.353,0.7,0.7,1.000,1.3,5.7,1.2,0.2,4.3,3.7,98,115
Jose Calderon,ATL,17,247,12.2,7.4,4.6,11.4,0.404,1.6,6.0,0.267,1.4,1.6,0.875,1.4,5.0,0.8,0.0,3.0,2.8,103,110
Kentavious Caldwell-Pope,DET,76,2529,20.9,3.9,7.4,18.5,0.399,3.1,8.7,0.350,3.1,3.7,0.832,1.1,3.9,1.8,0.2,1.7,2.4,107,109
Isaiah Canaan,CHI,39,592,15.4,3.1,5.4,14.7,0.364,2.1,8.0,0.266,2.6,2.8,0.909,0.5,3.7,1.9,0.1,1.8,3.0,100,110
Clint Capela,HOU,65,1551,25.3,1.9,11.2,17.4,0.643,0.0,0.0,,2.9,5.5,0.531,5.5,10.8,1.1,2.4,2.7,5.5,122,106
DeMarre Carroll,TOR,72,1882,17.2,2.0,5.9,14.8,0.400,2.9,8.6,0.341,2.4,3.2,0.761,1.7,5.7,2.2,0.7,1.5,3.9,110,108
Vince Carter,MEM,73,1799,16.9,3.8,5.6,14.2,0.394,3.2,8.6,0.378,2.5,3.3,0.765,1.0,5.5,1.7,1.0,1.4,4.7,112,108
Michael Carter-Williams,CHI,45,846,17.7,6.7,6.7,18.2,0.366,0.9,3.8,0.234,3.5,4.6,0.753,1.4,7.7,2.3,1.4,3.9,6.1,90,105
Omri Casspi,TOT,36,643,14.6,2.9,6.1,12.9,0.470,1.2,3.4,0.349,1.3,2.3,0.586,2.1,6.7,1.8,0.2,2.3,3.9,102,112
Omri Casspi,SAC,22,397,16.4,3.3,6.8,14.9,0.453,1.4,3.7,0.379,1.5,2.7,0.571,2.5,8.9,1.3,0.1,2.2,2.9,102,112
Omri Casspi,NOP,1,24,24.5,0.0,10.2,18.4,0.556,4.1,8.2,0.500,0.0,0.0,,2.0,2.0,0.0,0.0,4.1,6.1,101,115
Omri Casspi,MIN,13,222,10.3,2.5,4.3,8.7,0.500,0.5,2.3,0.200,1.1,1.8,0.625,1.4,3.2,3.0,0.5,2.3,5.5,100,112
Willie Cauley-Stein,SAC,75,1421,21.8,2.8,9.1,17.1,0.530,0.0,0.1,0.000,3.6,5.4,0.669,3.0,9.0,1.9,1.6,2.5,5.2,109,109
Tyson Chandler,PHO,47,1298,14.6,1.1,5.6,8.4,0.671,0.0,0.0,,3.4,4.6,0.734,5.6,14.2,1.2,0.9,2.4,4.6,129,109
Wilson Chandler,DEN,71,2197,24.8,3.1,9.6,20.9,0.461,2.4,7.2,0.337,3.1,4.3,0.727,2.3,7.9,1.1,0.7,2.5,3.8,109,113
Marquese Chriss,PHO,82,1743,20.7,1.6,7.8,17.4,0.449,2.0,6.2,0.321,3.1,5.0,0.624,2.6,6.9,1.8,1.9,3.0,7.2,102,110
Rakeem Christmas,IND,29,219,13.5,0.9,4.3,9.8,0.442,0.0,0.0,,4.8,6.6,0.724,5.9,6.9,0.7,1.4,1.8,8.5,115,111
Semaj Christon,OKC,64,973,9.2,6.6,3.9,11.2,0.345,0.6,3.2,0.190,0.9,1.6,0.548,1.0,3.4,1.4,0.4,2.2,4.0,91,111
Ian Clark,GSW,77,1137,22.3,3.8,8.9,18.3,0.487,2.6,6.9,0.374,1.9,2.5,0.759,0.9,4.2,1.7,0.3,2.3,3.3,108,108
Jordan Clarkson,LAL,82,2397,24.5,4.3,9.7,21.8,0.445,2.4,7.2,0.329,2.7,3.4,0.798,1.0,4.0,1.8,0.2,3.3,3.0,102,115
Norris Cole,OKC,13,125,16.9,5.5,6.3,20.4,0.308,1.2,5.1,0.231,3.1,3.9,0.800,0.0,4.3,3.1,0.0,2.7,7.1,84,107
Darren Collison,SAC,68,2063,22.1,7.7,8.3,17.5,0.476,1.8,4.3,0.417,3.6,4.2,0.860,0.6,3.2,1.6,0.2,2.8,2.9,113,114
Nick Collison,OKC,20,128,12.7,4.6,5.4,8.8,0.609,0.0,0.4,0.000,1.9,3.1,0.625,3.5,8.4,0.8,0.8,1.5,6.5,130,109
Mike Conley,MEM,69,2292,32.1,9.8,10.5,22.9,0.460,3.9,9.5,0.408,7.2,8.4,0.859,0.7,4.8,2.1,0.4,3.5,2.9,121,108
Pat Connaughton,POR,39,316,15.4,4.4,5.8,11.3,0.514,2.7,5.2,0.515,1.1,1.4,0.778,1.6,6.6,0.9,0.3,2.7,3.6,117,113
Quinn Cook,TOT,14,188,21.1,6.9,8.8,17.6,0.500,2.9,6.9,0.423,0.5,1.3,0.400,0.3,1.6,1.1,0.0,3.5,3.5,105,114
Quinn Cook,DAL,5,77,18.2,8.1,7.4,16.9,0.440,3.4,9.5,0.357,0.0,1.4,0.000,0.0,2.0,0.7,0.0,5.4,4.1,90,115
Quinn Cook,NOP,9,111,22.9,6.2,9.7,18.1,0.537,2.6,5.3,0.500,0.9,1.3,0.667,0.4,1.3,1.3,0.0,2.2,3.1,116,113
DeMarcus Cousins,TOT,72,2465,39.6,6.8,13.2,29.2,0.452,2.7,7.4,0.361,10.5,13.6,0.772,3.1,13.1,2.0,1.9,5.5,5.7,107,105
DeMarcus Cousins,SAC,55,1891,40.9,7.1,13.5,29.9,0.452,2.5,7.1,0.356,11.3,14.7,0.770,3.1,12.5,2.0,2.0,5.5,5.4,108,106
DeMarcus Cousins,NOP,17,574,35.3,5.6,12.1,26.8,0.452,3.1,8.2,0.375,8.0,10.3,0.777,3.2,14.8,2.1,1.6,5.3,6.4,104,101
Robert Covington,PHI,67,2119,19.9,2.3,6.7,16.8,0.399,3.1,9.5,0.333,3.3,4.0,0.822,2.1,7.9,2.9,1.6,3.0,4.7,100,105
Allen Crabbe,POR,79,2254,18.6,2.1,6.7,14.3,0.468,3.0,6.7,0.444,2.3,2.7,0.847,0.4,4.6,1.2,0.4,1.4,3.8,117,114
Jamal Crawford,LAC,82,2157,23.4,5.0,8.3,20.2,0.413,2.7,7.5,0.360,4.0,4.7,0.857,0.4,2.6,1.4,0.3,3.1,2.7,102,112
Jordan Crawford,NOP,19,442,29.6,6.3,11.6,24.2,0.482,4.1,10.5,0.389,2.2,2.9,0.769,0.4,3.3,1.2,0.2,2.8,3.3,110,112
Jae Crowder,BOS,72,2335,21.2,3.3,7.1,15.3,0.463,3.3,8.4,0.398,3.7,4.6,0.811,1.0,7.8,1.6,0.5,1.7,3.4,118,108
Dante Cunningham,NOP,66,1649,12.9,1.1,5.2,10.7,0.485,2.1,5.4,0.392,0.5,0.8,0.593,1.7,6.6,1.2,0.8,0.8,3.0,114,109
Seth Curry,DAL,70,2029,23.0,4.8,8.7,18.0,0.481,3.5,8.3,0.425,2.2,2.6,0.850,0.6,4.0,2.0,0.2,2.4,3.2,113,110
Stephen Curry,GSW,79,2638,36.5,9.6,12.3,26.3,0.468,5.9,14.4,0.411,5.9,6.6,0.898,1.1,5.3,2.6,0.3,4.4,3.3,119,105
Troy Daniels,MEM,67,1183,24.2,2.0,8.1,21.8,0.374,6.1,15.6,0.389,1.9,2.4,0.796,1.0,3.4,0.9,0.2,2.0,4.0,104,112
Anthony Davis,NOP,75,2708,38.0,2.8,13.9,27.6,0.505,0.7,2.4,0.299,9.4,11.7,0.802,3.1,12.9,1.7,3.0,3.3,3.0,112,102
Deyonta Davis,MEM,36,238,12.7,0.4,5.2,10.3,0.511,0.0,0.0,,2.2,3.9,0.556,4.4,8.7,0.7,3.7,1.7,8.7,107,105
Ed Davis,POR,46,789,12.6,1.6,4.7,8.9,0.528,0.0,0.0,,3.1,5.1,0.617,6.0,9.3,0.9,1.4,2.3,8.6,116,110
Dewayne Dedmon,SAS,76,1330,14.8,1.7,6.2,9.9,0.622,0.0,0.0,,2.5,3.6,0.699,4.9,14.1,1.4,2.3,2.3,6.9,122,99
Sam Dekker,HOU,77,1419,17.0,2.6,6.9,14.5,0.473,2.0,6.3,0.321,1.3,2.3,0.559,3.2,6.4,1.3,0.7,1.4,2.8,115,110
Malcolm Delaney,ATL,73,1248,15.4,7.6,5.7,15.3,0.374,1.0,4.3,0.236,3.0,3.7,0.806,0.4,4.5,1.5,0.0,3.8,4.4,92,109
Matthew Dellavedova,MIL,76,1986,14.8,9.1,5.3,13.7,0.390,2.0,5.5,0.367,2.1,2.5,0.854,0.6,3.1,1.4,0.0,3.4,3.9,102,114
Luol Deng,LAL,56,1486,13.9,2.4,5.4,13.9,0.387,1.7,5.4,0.309,1.5,2.1,0.730,2.1,7.6,1.6,0.7,1.4,2.0,101,113
DeMar DeRozan,TOR,74,2620,39.1,5.6,13.9,29.9,0.467,0.6,2.4,0.266,10.5,12.5,0.842,1.4,6.1,1.5,0.3,3.5,2.6,113,110
Cheick Diallo,NOP,17,199,21.4,1.0,8.9,18.7,0.474,0.0,0.0,,3.7,5.2,0.714,5.7,12.3,1.0,1.7,1.7,4.2,107,105
Boris Diaw,UTA,73,1283,13.8,6.9,6.0,13.4,0.446,0.8,3.3,0.247,1.1,1.4,0.743,1.9,4.6,0.7,0.4,3.6,3.4,99,109
Gorgui Dieng,MIN,82,2653,15.6,3.0,6.3,12.6,0.502,0.3,0.8,0.372,2.6,3.2,0.814,3.6,8.8,1.7,1.8,2.0,4.9,114,110
Spencer Dinwiddie,BRK,59,1334,15.4,6.6,4.8,10.7,0.444,1.4,3.6,0.376,4.5,5.7,0.792,1.0,4.9,1.6,0.8,2.3,4.2,116,112
Toney Douglas,MEM,24,394,15.4,7.4,5.7,15.4,0.368,0.9,5.5,0.167,3.2,3.8,0.828,1.7,6.3,2.4,0.7,2.8,6.6,99,106
Goran Dragić,MIA,73,2459,30.4,8.7,10.9,23.0,0.475,2.4,5.9,0.405,6.1,7.7,0.790,1.3,4.4,1.8,0.3,4.3,4.1,112,109
Andre Drummond,DET,81,2409,23.2,1.9,10.1,19.1,0.530,0.0,0.1,0.286,2.9,7.4,0.386,7.2,16.1,2.6,1.9,3.2,5.0,104,99
Jared Dudley,PHO,64,1362,15.3,4.3,5.5,12.2,0.454,2.7,7.1,0.379,1.5,2.3,0.662,1.1,6.8,1.5,0.6,2.6,5.4,109,113
Mike Dunleavy,TOT,53,841,16.2,2.9,5.5,13.0,0.423,3.1,7.9,0.396,2.1,2.7,0.800,1.1,5.7,0.9,0.4,1.6,3.9,112,111
Mike Dunleavy,CLE,23,366,14.5,2.7,4.9,12.3,0.400,2.7,7.8,0.351,1.9,2.6,0.737,0.7,5.7,0.8,0.3,1.9,4.4,104,113
Mike Dunleavy,ATL,30,475,17.5,3.1,5.9,13.5,0.438,3.4,8.0,0.429,2.3,2.7,0.846,1.3,5.7,0.9,0.5,1.5,3.6,118,109
Kris Dunn,MIN,78,1333,11.1,7.2,4.5,11.9,0.377,0.8,2.8,0.288,1.4,2.2,0.610,0.9,5.4,3.0,1.4,3.4,6.8,90,109
Kevin Durant,GSW,62,2070,36.1,7.0,12.8,23.8,0.537,2.7,7.3,0.375,7.8,8.9,0.875,0.9,11.0,1.5,2.3,3.2,2.7,125,101
Jarell Eddie,PHO,5,62,18.5,0.0,4.6,14.7,0.316,3.1,12.4,0.250,6.2,6.9,0.889,0.8,4.6,0.8,0.0,0.8,0.8,112,117
Henry Ellenson,DET,19,146,20.8,2.4,8.0,22.1,0.359,3.5,12.1,0.286,1.4,2.8,0.500,2.8,11.4,0.3,0.3,4.8,2.1,82,109
Wayne Ellington,MIA,62,1500,21.8,2.4,7.8,18.7,0.416,5.0,13.2,0.378,1.2,1.4,0.860,0.6,3.8,1.2,0.1,1.0,2.4,114,111
Monta Ellis,IND,74,1998,15.8,5.9,6.2,14.0,0.443,1.1,3.4,0.319,2.3,3.2,0.727,0.5,4.6,2.0,0.7,3.4,3.7,97,110
Joel Embiid,PHI,31,786,38.9,4.1,12.4,26.6,0.466,2.2,6.1,0.367,11.8,15.1,0.783,3.8,11.3,1.7,4.7,7.3,6.9,103,102
James Ennis,MEM,64,1501,14.9,2.2,5.1,11.1,0.455,1.8,4.7,0.372,3.0,3.8,0.782,2.4,6.6,1.6,0.7,2.0,5.7,113,108
Tyler Ennis,TOT,53,588,18.8,7.1,7.4,17.1,0.433,2.2,5.8,0.386,1.7,2.1,0.840,0.7,3.0,2.1,0.2,3.7,4.8,102,114
Tyler Ennis,HOU,31,196,14.2,8.3,6.1,15.7,0.391,1.5,3.9,0.375,0.5,0.7,0.667,1.0,3.7,1.5,0.0,5.9,7.1,85,112
Tyler Ennis,LAL,22,392,21.1,6.5,8.1,17.9,0.451,2.6,6.7,0.389,2.4,2.7,0.864,0.6,2.6,2.4,0.2,2.6,3.6,111,114
Tyreke Evans,TOT,40,788,25.9,7.8,9.4,23.3,0.405,2.6,7.4,0.356,4.3,5.8,0.750,0.8,7.8,2.2,0.6,3.8,3.8,99,108
Tyreke Evans,NOP,26,474,25.6,9.4,9.4,23.4,0.401,2.2,7.2,0.300,4.6,6.0,0.776,0.6,8.3,2.4,0.4,4.0,4.2,98,106
Tyreke Evans,SAC,14,314,26.3,5.3,9.5,23.0,0.413,3.4,7.7,0.438,3.9,5.5,0.706,1.1,7.1,1.9,0.8,3.5,3.1,99,111
Dante Exum,UTA,66,1228,17.6,4.7,6.6,15.5,0.427,1.9,6.4,0.295,2.5,3.1,0.795,1.3,4.4,0.9,0.5,3.4,6.2,100,109
Kenneth Faried,DEN,61,1296,22.1,2.1,8.6,15.7,0.548,0.0,0.2,0.000,4.9,7.1,0.693,6.9,10.5,1.6,1.5,2.2,4.7,123,110
Jordan Farmar,SAC,2,35,17.3,13.0,5.8,17.3,0.333,5.8,13.0,0.444,0.0,0.0,,1.4,2.9,2.9,0.0,4.3,1.4,105,112
Derrick Favors,UTA,50,1186,21.0,2.5,9.0,18.4,0.487,0.1,0.4,0.300,3.0,4.8,0.615,4.1,9.4,2.0,1.8,2.7,4.6,104,102
Kay Felder,CLE,42,386,21.5,7.5,8.0,20.4,0.392,0.9,2.8,0.318,4.5,6.3,0.714,0.4,4.9,2.3,0.9,3.9,4.9,95,110
Cristiano Felício,CHI,66,1040,15.3,1.9,6.2,10.7,0.579,0.0,0.0,,2.9,4.5,0.645,6.0,9.1,1.2,0.8,1.6,5.3,126,107
Raymond Felton,LAC,80,1700,15.8,5.6,6.5,15.1,0.430,1.4,4.2,0.319,1.5,1.9,0.781,1.0,5.4,1.9,0.6,2.4,3.7,101,109
Yogi Ferrell,TOT,46,1197,19.8,7.4,6.9,16.9,0.406,2.9,7.6,0.386,3.2,3.8,0.831,0.9,3.9,1.8,0.4,3.0,3.9,106,111
Yogi Ferrell,BRK,10,151,17.0,5.3,5.7,15.4,0.367,2.5,8.5,0.296,3.1,5.0,0.625,1.3,2.5,0.6,0.6,4.4,3.5,90,116
Yogi Ferrell,DAL,36,1046,20.3,7.7,7.1,17.2,0.412,3.0,7.4,0.403,3.2,3.6,0.877,0.8,4.1,2.0,0.3,2.8,3.9,108,110
Dorian Finney-Smith,DAL,81,1642,11.1,2.1,3.9,10.6,0.372,1.8,6.1,0.293,1.5,1.9,0.754,1.7,5.3,1.6,0.8,1.4,4.0,99,110
Bryn Forbes,SAS,36,285,16.8,4.1,6.4,17.7,0.364,3.0,9.5,0.321,0.9,1.1,0.833,0.4,3.8,0.2,0.0,2.0,3.6,95,110
Evan Fournier,ORL,68,2234,25.9,4.5,9.1,20.6,0.439,2.8,8.0,0.356,4.9,6.1,0.805,1.0,3.7,1.5,0.1,3.1,4.0,106,114
Randy Foye,BRK,69,1284,13.2,5.0,4.4,12.0,0.363,2.5,7.5,0.330,2.0,2.3,0.857,0.3,5.4,1.3,0.3,3.0,3.7,95,113
Tim Frazier,NOP,65,1525,14.9,10.8,5.2,13.0,0.403,1.3,4.1,0.313,3.1,4.1,0.760,1.1,4.5,1.8,0.2,3.2,4.3,106,110
Channing Frye,CLE,74,1398,24.1,1.6,8.5,18.6,0.458,4.9,12.0,0.409,2.2,2.6,0.851,1.3,9.0,1.2,1.3,1.9,4.9,115,109
Danilo Gallinari,DEN,63,2134,26.2,3.1,7.7,17.2,0.447,2.9,7.4,0.389,8.0,8.9,0.902,0.9,6.5,0.9,0.3,1.9,2.1,126,115
Langston Galloway,TOT,74,1495,19.3,3.1,6.8,18.0,0.380,4.0,10.2,0.390,1.7,2.1,0.797,0.9,4.3,1.5,0.2,1.5,3.2,101,111
Langston Galloway,NOP,55,1120,20.6,2.8,7.2,19.3,0.374,4.4,11.7,0.377,1.7,2.3,0.769,0.9,4.4,1.7,0.2,1.2,3.3,102,110
Langston Galloway,SAC,19,375,15.4,3.8,5.7,14.0,0.404,2.6,5.4,0.475,1.5,1.6,0.917,0.9,3.8,0.8,0.1,2.4,2.7,100,116
Patricio Garino,ORL,5,43,0.0,0.0,0.0,8.1,0.000,0.0,5.8,0.000,0.0,0.0,,1.2,6.9,0.0,0.0,3.5,4.6,8,115
Marc Gasol,MEM,74,2531,29.7,6.9,10.9,23.8,0.459,2.1,5.5,0.388,5.7,6.8,0.837,1.2,8.3,1.4,2.0,3.4,3.5,111,106
Pau Gasol,SAS,64,1627,24.8,4.7,9.5,18.9,0.502,1.8,3.3,0.538,4.1,5.8,0.707,3.4,12.3,0.8,2.2,2.5,3.4,116,102
Rudy Gay,SAC,30,1013,28.1,4.1,10.0,22.1,0.455,2.1,5.6,0.372,5.9,6.9,0.855,1.7,7.7,2.2,1.3,3.7,3.9,105,109
Michael Gbinije,DET,9,32,6.3,3.2,1.6,15.8,0.100,0.0,6.3,0.000,3.2,3.2,1.000,3.2,1.6,0.0,0.0,0.0,3.2,64,114
Alonzo Gee,DEN,13,89,6.0,3.3,1.6,7.7,0.214,0.0,1.6,0.000,2.7,4.9,0.556,2.2,6.0,2.7,0.5,2.2,7.7,78,111
Paul George,IND,75,2689,33.0,4.7,11.6,25.1,0.461,3.6,9.2,0.393,6.3,7.0,0.898,1.1,8.1,2.2,0.5,4.1,3.8,109,108
Marcus Georges-Hunt,ORL,5,48,14.5,3.1,2.1,7.2,0.286,1.0,2.1,0.500,9.3,10.3,0.900,1.0,8.3,1.0,0.0,2.1,5.2,121,112
Jonathan Gibson,DAL,17,231,23.9,5.9,7.9,21.4,0.368,3.4,10.1,0.333,4.7,6.5,0.724,0.2,4.7,1.8,0.0,4.7,4.7,91,111
Taj Gibson,TOT,78,1989,21.3,1.8,9.2,17.8,0.515,0.1,0.3,0.231,2.8,4.0,0.715,4.0,8.2,1.0,1.6,2.6,4.1,107,107
Taj Gibson,CHI,55,1502,21.4,2.0,9.3,17.8,0.521,0.1,0.4,0.167,2.9,4.0,0.714,4.0,8.8,0.9,1.7,2.6,4.1,108,107
Taj Gibson,OKC,23,487,20.9,1.3,9.0,18.0,0.497,0.1,0.1,1.000,2.8,3.9,0.718,3.8,6.5,1.4,1.5,2.8,4.0,104,108
Manu Ginobili,SAS,69,1291,20.4,7.2,6.7,17.3,0.390,3.5,9.0,0.392,3.4,4.2,0.804,1.1,5.1,3.2,0.6,3.8,4.7,104,102
Rudy Gobert,UTA,81,2744,21.7,1.9,7.9,11.9,0.661,0.0,0.0,0.000,5.9,9.1,0.653,6.0,13.8,0.9,4.1,2.8,4.7,129,99
Archie Goodwin,TOT,15,214,24.5,5.3,8.0,14.7,0.545,1.1,3.3,0.333,7.3,9.3,0.786,1.6,4.7,0.9,1.1,3.1,1.8,122,113
Archie Goodwin,NOP,3,30,24.5,1.6,3.3,8.2,0.400,1.6,3.3,0.500,16.3,16.3,1.000,0.0,0.0,0.0,1.6,0.0,1.6,174,115
Archie Goodwin,BRK,12,184,24.5,5.9,8.8,15.7,0.557,1.0,3.3,0.308,5.9,8.2,0.719,1.8,5.4,1.0,1.0,3.6,1.8,117,113
Aaron Gordon,ORL,80,2298,22.0,3.2,8.5,18.7,0.454,1.7,5.8,0.288,3.4,4.7,0.719,2.5,6.2,1.4,0.9,1.9,3.7,107,111
Eric Gordon,HOU,75,2323,25.1,3.9,8.5,21.0,0.406,5.1,13.7,0.372,3.0,3.6,0.840,0.6,3.6,1.0,0.8,2.5,3.1,109,113
Marcin Gortat,WAS,82,2556,17.0,2.3,7.5,13.0,0.579,0.0,0.0,0.000,2.0,3.1,0.648,4.6,11.8,0.8,1.2,2.3,4.1,117,108
Treveon Graham,CHO,27,189,15.1,1.6,5.0,10.6,0.475,2.4,4.0,0.600,2.7,4.0,0.667,1.3,4.5,1.6,0.3,0.8,4.8,122,111
Jerami Grant,TOT,80,1531,14.0,1.5,4.9,10.5,0.463,1.4,3.7,0.371,2.9,4.7,0.612,1.2,5.4,1.1,2.5,1.4,4.8,111,108
Jerami Grant,PHI,2,41,19.0,0.0,7.1,20.2,0.353,0.0,2.4,0.000,4.8,9.5,0.500,0.0,7.1,0.0,4.8,3.6,5.9,70,108
Jerami Grant,OKC,78,1490,13.9,1.5,4.8,10.2,0.469,1.4,3.8,0.377,2.8,4.6,0.619,1.3,5.3,1.1,2.5,1.4,4.7,113,108
Jerian Grant,CHI,63,1028,18.1,5.9,6.3,14.7,0.425,2.4,6.6,0.366,3.2,3.6,0.890,0.8,4.6,2.3,0.4,2.2,4.6,114,108
Danny Green,SAS,68,1807,14.0,3.5,5.0,12.7,0.392,3.3,8.8,0.379,0.8,0.9,0.844,0.9,5.4,2.0,1.6,2.1,3.4,103,104
Draymond Green,GSW,76,2471,15.1,10.4,5.3,12.7,0.418,1.6,5.1,0.308,2.9,4.1,0.709,1.9,9.8,3.0,2.1,3.6,4.2,111,99
Gerald Green,BOS,47,538,24.1,3.0,8.8,21.4,0.409,3.6,10.2,0.351,3.0,3.8,0.805,1.5,6.3,0.8,0.6,2.3,4.4,102,111
JaMychal Green,MEM,77,2101,17.1,2.1,6.2,12.4,0.500,1.4,3.6,0.379,3.3,4.1,0.802,4.1,9.3,1.2,0.8,2.3,6.1,117,107
Jeff Green,ORL,69,1534,20.6,2.6,7.1,18.0,0.394,1.7,6.2,0.275,4.7,5.4,0.863,1.3,5.7,1.2,0.4,2.4,3.3,99,113
Blake Griffin,LAC,61,2076,31.7,7.2,11.5,23.4,0.493,0.9,2.7,0.336,7.7,10.1,0.760,2.7,9.3,1.4,0.5,3.4,3.8,115,108
Justin Hamilton,BRK,64,1177,17.8,2.2,7.0,15.3,0.459,2.2,7.2,0.306,1.6,2.1,0.750,2.9,7.7,1.2,1.7,1.7,3.7,109,110
A.J. Hammons,DAL,22,163,15.3,1.3,5.4,13.4,0.405,1.6,3.2,0.500,2.9,6.4,0.450,2.6,8.9,0.3,4.2,3.2,6.7,87,106
Tim Hardaway,ATL,79,2154,26.2,4.2,9.5,20.9,0.455,3.4,9.5,0.357,3.8,4.9,0.766,0.8,4.3,1.3,0.3,2.4,2.4,110,109
James Harden,HOU,81,2947,38.4,14.8,11.0,25.0,0.440,4.3,12.3,0.347,12.1,14.3,0.847,1.5,9.2,2.0,0.6,7.6,3.5,118,107
Maurice Harkless,POR,77,2223,17.3,2.0,7.0,13.9,0.503,1.5,4.3,0.351,1.7,2.8,0.621,2.8,4.8,1.9,1.6,1.9,4.8,112,110
Justin Harper,PHI,3,31,18.9,3.1,7.9,18.9,0.417,3.1,11.0,0.286,0.0,0.0,,3.1,4.7,0.0,0.0,6.3,3.1,82,115
Montrezl Harrell,HOU,58,1064,23.8,2.9,10.1,15.6,0.652,0.0,0.3,0.143,3.4,5.5,0.628,3.7,6.2,0.9,1.9,2.0,5.7,129,110
Devin Harris,DAL,65,1087,20.9,6.5,6.5,16.3,0.399,2.8,8.5,0.328,5.1,6.2,0.829,0.5,5.6,2.1,0.3,2.7,4.8,108,109
Gary Harris,DEN,57,1782,23.3,4.5,8.8,17.5,0.502,2.9,7.0,0.420,2.8,3.7,0.776,1.3,3.6,1.9,0.2,2.1,2.5,121,114
Joe Harris,BRK,52,1138,17.8,2.2,6.4,15.1,0.425,3.5,9.2,0.385,1.5,2.0,0.714,0.7,5.5,1.2,0.3,2.3,5.0,101,113
Manny Harris,DAL,4,25,16.7,4.2,6.2,31.2,0.200,0.0,4.2,0.000,4.2,8.3,0.500,6.2,12.5,0.0,0.0,4.2,2.1,61,110
Tobias Harris,DET,82,2567,26.0,2.8,10.1,20.9,0.481,2.1,6.2,0.347,3.7,4.4,0.841,1.2,6.9,1.2,0.8,1.9,2.6,113,108
Aaron Harrison,CHO,5,17,3.0,8.9,0.0,11.8,0.000,0.0,5.9,0.000,3.0,5.9,0.500,0.0,8.9,0.0,0.0,0.0,5.9,55,112
Andrew Harrison,MEM,72,1474,15.0,7.0,4.1,12.7,0.325,1.5,5.5,0.276,5.2,6.8,0.763,0.8,4.0,1.9,0.7,3.0,6.8,100,109
Udonis Haslem,MIA,16,130,12.0,2.3,4.3,8.9,0.478,0.0,1.2,0.000,3.5,5.8,0.600,3.1,10.9,2.3,0.4,3.1,8.5,98,103
Spencer Hawes,TOT,54,797,21.3,5.1,8.5,17.5,0.484,1.6,5.1,0.309,2.8,3.3,0.846,2.4,9.7,0.9,1.9,3.1,4.9,108,107
Spencer Hawes,CHO,35,626,20.4,5.0,8.3,17.5,0.477,1.3,4.4,0.291,2.4,2.7,0.882,2.6,9.1,1.0,2.1,3.2,4.9,105,107
Spencer Hawes,MIL,19,171,24.7,5.6,8.9,17.5,0.508,2.7,7.7,0.346,4.2,5.3,0.778,1.8,11.6,0.6,1.2,2.7,4.8,119,109
Gordon Hayward,UTA,73,2516,33.4,5.3,11.4,24.1,0.471,3.1,7.8,0.398,7.5,8.9,0.844,1.0,7.2,1.5,0.4,2.9,2.4,118,106
Gerald Henderson,PHI,72,1667,19.3,3.3,6.8,16.2,0.423,1.8,5.1,0.353,3.9,4.8,0.806,1.0,4.4,1.2,0.4,1.8,3.8,106,112
John Henson,MIL,58,1123,17.7,2.6,7.2,14.0,0.515,0.0,0.0,0.000,3.3,4.8,0.692,4.2,9.2,1.3,3.5,2.4,6.8,110,106
Juan Hernangómez,DEN,62,842,17.7,1.7,5.9,13.0,0.451,2.7,6.6,0.407,3.3,4.4,0.750,2.5,8.4,1.7,0.7,1.8,3.6,117,112
Willy Hernangómez,NYK,72,1324,22.2,3.6,9.3,17.6,0.529,0.2,0.6,0.267,3.4,4.7,0.728,6.4,12.5,1.5,1.4,3.8,5.7,111,107
Mario Hezonja,ORL,65,960,16.4,3.2,6.0,17.0,0.355,2.2,7.4,0.299,2.1,2.6,0.800,1.0,6.5,1.5,0.8,3.0,3.8,87,111
Roy Hibbert,TOT,48,682,16.2,1.5,5.9,10.8,0.544,0.0,0.0,,4.5,5.5,0.813,4.0,7.2,0.6,3.4,2.4,7.4,117,107
Roy Hibbert,CHO,42,671,16.2,1.5,5.8,10.8,0.542,0.0,0.0,,4.6,5.6,0.813,4.0,7.3,0.6,3.3,2.3,7.3,117,107
Roy Hibbert,DEN,6,11,17.8,4.4,8.9,13.3,0.667,0.0,0.0,,0.0,0.0,,4.4,4.4,0.0,8.9,4.4,13.3,112,106
Buddy Hield,TOT,82,1888,22.7,3.2,8.6,20.1,0.426,3.9,10.0,0.391,1.7,2.0,0.842,0.9,6.1,1.0,0.2,2.7,3.0,100,112
Buddy Hield,NOP,57,1161,20.6,3.2,7.8,19.9,0.393,3.8,10.2,0.369,1.2,1.4,0.879,0.8,6.2,0.8,0.3,2.0,3.4,97,111
Buddy Hield,SAC,25,727,26.3,3.1,9.9,20.6,0.480,4.1,9.6,0.428,2.4,3.0,0.814,1.1,6.1,1.4,0.1,3.7,2.4,105,113
Nene Hilario,HOU,67,1198,24.4,2.6,9.8,15.9,0.617,0.1,0.4,0.333,4.6,7.9,0.589,3.8,7.5,2.2,1.6,2.9,6.5,118,106
George Hill,UTA,49,1544,28.1,6.9,9.8,20.6,0.477,3.2,7.9,0.403,5.3,6.7,0.801,0.8,4.9,1.7,0.4,2.9,3.9,119,107
Jordan Hill,MIN,7,47,12.9,0.0,5.4,14.0,0.385,0.0,0.0,,2.2,2.2,1.000,8.6,6.5,1.1,0.0,4.3,9.7,90,114
Solomon Hill,NOP,80,2374,11.6,2.9,3.8,9.9,0.383,1.9,5.6,0.348,2.1,2.6,0.805,1.1,5.3,1.5,0.7,1.7,3.8,103,109
Darrun Hilliard,DET,39,381,16.8,4.4,6.2,16.7,0.373,1.6,6.1,0.261,2.8,3.7,0.750,0.3,4.1,1.5,0.3,3.7,5.2,87,109
Jrue Holiday,NOP,67,2190,23.0,10.9,9.1,20.0,0.454,2.2,6.3,0.356,2.7,3.8,0.708,1.0,4.9,2.2,1.0,4.3,3.0,104,108
Justin Holiday,NYK,82,1639,19.2,3.1,7.1,16.4,0.433,3.0,8.3,0.355,2.0,2.4,0.825,0.8,6.0,2.0,0.9,2.0,3.3,108,111
Rondae Hollis-Jefferson,BRK,78,1761,18.2,4.1,6.3,14.6,0.434,0.4,1.8,0.224,5.1,6.8,0.751,2.6,9.6,2.2,1.2,3.1,4.8,102,107
Richaun Holmes,PHI,57,1193,22.8,2.4,9.4,16.8,0.558,1.1,3.1,0.351,2.9,4.2,0.699,3.8,8.9,1.7,2.2,2.2,5.6,117,106
Rodney Hood,UTA,59,1593,24.6,3.2,9.0,21.9,0.408,3.8,10.1,0.371,3.0,3.8,0.783,0.5,6.1,1.3,0.4,2.1,4.3,104,107
Al Horford,BOS,68,2193,21.5,7.6,8.6,18.1,0.473,1.9,5.5,0.355,2.4,3.1,0.800,2.1,8.4,1.2,1.9,2.6,3.1,114,107
Danuel House,WAS,1,1,0.0,0.0,0.0,0.0,,0.0,0.0,,0.0,0.0,,0.0,49.3,0.0,0.0,0.0,0.0,,89
Dwight Howard,ATL,74,2199,22.5,2.3,8.7,13.7,0.633,0.0,0.0,0.000,5.1,9.5,0.533,6.6,14.4,1.4,2.1,3.8,4.6,115,100
Marcelo Huertas,LAL,23,237,13.0,10.7,5.1,14.0,0.368,0.8,3.9,0.211,1.9,3.5,0.529,0.4,4.5,2.1,0.4,3.9,3.3,92,114
Josh Huestis,OKC,2,31,22.2,4.7,9.5,17.4,0.545,3.2,6.3,0.500,0.0,1.6,0.000,6.3,7.9,0.0,4.7,0.0,0.0,143,106
Kris Humphries,ATL,56,689,18.4,2.1,6.2,15.3,0.407,1.4,3.9,0.352,4.6,5.9,0.780,4.3,10.4,1.1,1.5,2.0,4.9,108,104
R.J. Hunter,CHI,3,9,0.0,0.0,0.0,5.6,0.000,0.0,5.6,0.000,0.0,0.0,,0.0,5.6,0.0,0.0,0.0,0.0,0,113
Serge Ibaka,TOT,79,2422,24.2,1.5,9.7,20.2,0.480,2.6,6.5,0.391,2.2,2.6,0.856,2.7,8.4,0.8,2.6,2.2,4.4,109,109
Serge Ibaka,ORL,56,1710,24.5,1.7,9.9,20.4,0.488,2.4,6.2,0.388,2.2,2.6,0.846,2.9,8.2,1.0,2.6,1.9,4.0,111,109
Serge Ibaka,TOR,23,712,23.3,1.1,9.1,19.9,0.459,2.9,7.3,0.398,2.1,2.4,0.882,2.1,9.0,0.5,2.3,2.8,5.4,105,108
Andre Iguodala,GSW,76,1998,13.8,6.3,5.3,10.0,0.528,1.5,4.3,0.362,1.7,2.5,0.706,1.2,6.1,1.8,0.9,1.4,2.3,129,105
Ersan İlyasova,TOT,82,2142,24.4,3.2,8.8,20.3,0.431,3.2,9.2,0.353,3.7,4.7,0.778,2.6,8.4,1.3,0.5,2.6,4.8,107,108
Ersan İlyasova,OKC,3,62,11.9,0.8,4.7,12.7,0.375,2.4,9.5,0.250,0.0,0.0,,1.6,11.1,2.4,0.8,3.2,4.0,83,104
Ersan İlyasova,PHI,53,1447,26.5,3.3,9.6,21.8,0.440,3.6,10.0,0.359,3.7,4.8,0.768,2.4,8.2,1.1,0.5,2.6,4.5,107,110
Ersan İlyasova,ATL,26,633,21.0,3.3,7.2,17.6,0.412,2.5,7.2,0.348,4.0,5.1,0.800,3.3,8.5,1.7,0.6,2.6,5.7,107,105
Joe Ingles,UTA,82,1972,15.4,6.0,5.4,12.0,0.452,3.3,7.4,0.441,1.3,1.8,0.735,0.6,6.3,2.6,0.2,2.8,4.3,112,105
Brandon Ingram,LAL,79,2279,15.8,3.5,5.9,14.7,0.402,1.2,4.0,0.294,2.8,4.6,0.621,1.3,5.5,1.1,0.8,2.5,3.4,96,115
Kyrie Irving,CLE,72,2525,35.9,8.3,13.3,28.1,0.473,3.5,8.7,0.401,5.9,6.5,0.905,1.0,3.5,1.6,0.5,3.6,3.1,116,112
Jarrett Jack,NOP,2,33,8.9,7.4,3.0,4.5,0.667,0.0,1.5,0.000,3.0,3.0,1.000,0.0,0.0,3.0,0.0,4.5,5.9,105,110
Demetrius Jackson,BOS,5,17,29.2,8.8,8.8,11.7,0.750,2.9,2.9,1.000,8.8,17.5,0.500,5.8,5.8,0.0,0.0,0.0,0.0,167,114
Pierre Jackson,DAL,8,84,21.7,11.8,8.1,24.2,0.333,1.9,6.8,0.273,3.7,4.3,0.857,0.6,5.0,1.2,0.0,1.9,3.1,99,112
Reggie Jackson,DET,52,1424,26.7,9.6,10.1,24.0,0.419,2.3,6.5,0.359,4.2,4.8,0.868,0.7,3.3,1.2,0.2,4.0,4.6,103,110
LeBron James,CLE,74,2794,34.9,11.5,13.1,24.0,0.548,2.2,6.1,0.363,6.4,9.5,0.674,1.7,9.7,1.6,0.8,5.4,2.4,119,108
Al Jefferson,IND,66,931,28.8,3.1,12.6,25.3,0.499,0.0,0.1,0.000,3.5,4.6,0.765,4.0,10.9,1.0,0.9,1.8,6.7,109,108
Richard Jefferson,CLE,79,1614,13.9,2.4,4.7,10.6,0.446,1.9,5.8,0.333,2.5,3.3,0.741,0.9,5.4,0.8,0.3,1.6,4.7,111,113
John Jenkins,PHO,4,13,25.8,3.7,7.4,18.4,0.400,3.7,7.4,0.500,7.4,7.4,1.000,0.0,3.7,0.0,0.0,0.0,0.0,135,119
Brandon Jennings,TOT,81,1802,16.0,10.9,5.3,14.8,0.359,2.2,7.0,0.313,3.2,4.2,0.750,0.8,4.6,1.9,0.1,3.5,3.2,104,113
Brandon Jennings,NYK,58,1428,17.4,10.1,5.7,15.0,0.380,2.4,7.0,0.340,3.6,4.7,0.756,0.7,4.6,1.9,0.1,3.7,2.9,105,113
Brandon Jennings,WAS,23,374,10.7,14.2,3.8,14.0,0.274,1.5,6.9,0.212,1.6,2.2,0.706,1.1,4.7,2.0,0.0,2.9,4.2,98,111
Jonas Jerebko,BOS,78,1232,12.0,2.9,4.6,10.5,0.435,1.8,5.2,0.346,1.0,1.5,0.703,2.4,8.6,1.0,0.7,1.6,4.9,109,109
Amir Johnson,BOS,80,1608,16.0,4.3,6.6,11.4,0.576,0.8,2.0,0.409,2.1,3.1,0.670,3.6,7.6,1.6,1.9,2.4,6.5,121,107
Brice Johnson,LAC,3,9,22.2,5.6,11.1,38.9,0.286,0.0,0.0,,0.0,0.0,,5.6,11.1,11.1,5.6,5.6,0.0,67,80
James Johnson,MIA,76,2085,23.6,6.7,8.9,18.6,0.479,2.1,6.2,0.340,3.7,5.2,0.707,1.6,7.5,1.8,2.1,4.1,4.8,107,105
Joe Johnson,UTA,78,1843,20.3,4.1,7.8,17.8,0.436,3.0,7.3,0.411,1.8,2.2,0.818,0.9,6.0,1.0,0.5,2.0,2.6,109,108
Stanley Johnson,DET,77,1371,12.5,3.9,4.8,13.4,0.353,1.7,5.7,0.292,1.3,2.0,0.679,1.3,5.6,2.1,0.9,2.6,4.5,88,107
Tyler Johnson,MIA,73,2178,23.2,5.4,8.3,19.1,0.433,2.2,5.8,0.372,4.5,5.9,0.768,1.2,5.6,1.9,1.0,2.1,4.1,112,107
Wesley Johnson,LAC,68,810,11.5,1.4,4.5,12.3,0.365,1.8,7.3,0.246,0.7,1.0,0.647,1.6,9.6,1.8,1.9,1.1,5.1,94,105
Nikola Jokić,DEN,73,2038,29.3,8.6,11.8,20.5,0.578,1.1,3.3,0.324,4.5,5.5,0.825,5.1,12.1,1.5,1.3,4.1,5.1,126,109
Dahntay Jones,CLE,1,12,37.4,4.2,12.5,33.3,0.375,0.0,8.3,0.000,12.5,16.6,0.750,4.2,4.2,0.0,0.0,4.2,4.2,97,116
Damian Jones,GSW,10,85,10.8,0.0,4.5,9.1,0.500,0.0,0.0,,1.7,5.7,0.300,5.1,7.9,0.6,2.3,3.4,8.5,87,105
Derrick Jones,PHO,32,545,14.8,1.1,6.0,10.6,0.562,0.3,1.0,0.273,2.5,3.6,0.707,3.4,3.5,1.2,1.1,1.1,5.5,124,115
James Jones,CLE,48,381,17.3,1.8,5.8,12.1,0.478,4.1,8.6,0.470,1.7,2.6,0.650,0.4,4.5,0.8,1.3,1.3,4.8,122,113
Terrence Jones,TOT,54,1270,22.5,2.3,8.9,19.0,0.470,0.7,2.9,0.253,4.0,6.6,0.606,2.5,9.3,1.5,2.1,1.9,2.6,103,105
Terrence Jones,NOP,51,1264,22.6,2.3,8.9,18.9,0.472,0.7,2.9,0.253,4.0,6.6,0.606,2.5,9.2,1.5,2.1,1.9,2.6,103,105
Terrence Jones,MIL,3,6,0.0,0.0,0.0,25.4,0.000,0.0,0.0,,0.0,0.0,,0.0,25.4,8.5,8.5,0.0,0.0,0,74
Tyus Jones,MIN,60,774,13.7,10.2,4.9,11.9,0.414,1.7,4.8,0.356,2.2,2.8,0.767,0.7,3.7,3.1,0.3,2.5,3.3,114,111
DeAndre Jordan,LAC,81,2570,20.0,1.9,8.0,11.2,0.714,0.0,0.0,0.000,4.0,8.3,0.482,5.8,15.9,1.0,2.6,2.2,4.1,129,102
Cory Joseph,TOR,80,2003,18.7,6.7,7.6,16.7,0.452,1.2,3.4,0.356,2.4,3.1,0.770,1.3,4.7,1.7,0.3,2.7,3.5,108,110
Frank Kaminsky,CHO,75,1954,22.4,4.2,8.2,20.6,0.399,3.0,9.1,0.328,3.0,4.0,0.756,1.5,7.2,1.2,0.9,2.0,3.6,102,110
Enes Kanter,OKC,72,1533,33.1,2.1,12.9,23.6,0.545,0.2,1.2,0.132,7.2,9.1,0.786,6.2,9.2,1.0,1.2,3.9,4.9,116,107
Ryan Kelly,ATL,16,110,11.2,3.6,3.6,12.5,0.286,1.8,4.5,0.400,2.2,2.7,0.833,0.4,7.6,1.8,2.2,1.8,2.2,87,104
Michael Kidd-Gilchrist,CHO,81,2349,15.9,2.4,6.3,13.2,0.477,0.0,0.2,0.111,3.2,4.1,0.784,3.3,8.7,1.7,1.6,1.2,4.0,113,106
Sean Kilpatrick,BRK,70,1754,24.8,4.2,8.2,19.9,0.415,2.8,8.3,0.341,5.5,6.5,0.843,0.6,7.0,1.2,0.2,3.6,3.2,102,112
Brandon Knight,PHO,54,1140,25.0,5.5,8.8,22.0,0.398,1.9,5.8,0.324,5.5,6.5,0.857,1.0,3.9,1.1,0.2,3.7,3.7,101,116
Kyle Korver,TOT,67,1753,19.2,3.1,6.8,14.6,0.464,4.6,10.2,0.451,1.1,1.2,0.905,0.2,5.1,1.0,0.6,2.0,3.0,116,111
Kyle Korver,ATL,32,894,16.8,4.1,6.0,13.6,0.439,3.6,8.8,0.409,1.3,1.5,0.889,0.0,4.9,1.3,0.7,2.2,2.6,109,109
Kyle Korver,CLE,35,859,21.7,2.0,7.6,15.6,0.487,5.6,11.6,0.485,0.8,0.9,0.933,0.4,5.2,0.6,0.5,1.7,3.5,122,114
Kosta Koufos,SAC,71,1419,16.8,1.7,7.7,14.0,0.551,0.0,0.0,0.000,1.4,2.2,0.613,4.2,10.2,1.3,1.7,2.2,6.1,109,109
Mindaugas Kuzminskas,NYK,68,1016,20.9,3.4,7.8,18.2,0.428,2.7,8.3,0.321,2.7,3.3,0.809,2.3,3.9,1.4,0.5,2.5,3.9,107,114
Skal Labissière,SAC,33,612,23.9,2.2,9.7,18.0,0.537,0.2,0.7,0.375,4.3,6.1,0.703,4.2,9.2,1.3,1.1,3.1,5.3,110,110
Jeremy Lamb,CHO,62,1143,26.5,3.3,9.9,21.5,0.460,1.8,6.4,0.281,4.8,5.7,0.853,1.3,10.3,1.2,1.0,1.8,4.3,109,108
Nicolas Laprovittola,SAS,18,174,17.3,8.2,5.9,13.8,0.426,2.9,7.9,0.370,2.6,2.6,1.000,0.3,2.6,1.2,0.3,5.6,5.6,99,108
Joffrey Lauvergne,TOT,70,980,18.9,3.5,7.5,16.9,0.440,1.7,4.9,0.337,2.3,3.7,0.630,3.6,9.0,1.3,0.3,2.8,4.2,104,108
Joffrey Lauvergne,OKC,50,739,19.0,3.4,7.4,16.2,0.455,1.8,5.2,0.346,2.5,3.9,0.638,3.4,8.8,1.2,0.4,2.7,4.7,108,108
Joffrey Lauvergne,CHI,20,241,18.6,4.0,7.7,19.2,0.402,1.3,4.2,0.300,1.9,3.1,0.600,4.4,9.8,1.5,0.0,3.3,2.5,95,107
Zach LaVine,MIN,47,1749,25.8,4.0,9.5,20.6,0.459,3.5,9.0,0.387,3.4,4.1,0.836,0.6,4.1,1.2,0.3,2.5,3.0,112,115
Ty Lawson,SAC,69,1732,19.9,9.8,6.9,15.2,0.454,1.0,3.4,0.288,5.1,6.3,0.797,1.3,3.9,2.2,0.2,3.8,3.5,110,113
Jake Layman,POR,35,249,15.6,2.2,5.2,17.7,0.292,2.6,10.2,0.255,2.6,3.4,0.765,1.2,3.6,1.8,0.6,2.2,4.4,84,113
Courtney Lee,NYK,77,2459,17.0,3.6,6.5,14.3,0.456,2.2,5.5,0.401,1.7,2.0,0.867,1.1,4.2,1.6,0.5,1.4,2.9,115,114
David Lee,SAS,79,1477,19.9,4.3,8.6,14.5,0.590,0.0,0.0,,2.8,3.9,0.708,5.1,10.1,1.1,1.4,2.8,4.3,120,103
Alex Len,PHO,77,1560,18.8,1.4,7.1,14.2,0.497,0.1,0.4,0.250,4.6,6.4,0.721,4.8,10.9,1.2,3.0,3.1,7.4,108,108
Kawhi Leonard,SAS,74,2474,38.9,5.4,13.1,27.0,0.485,3.0,8.0,0.380,9.7,11.0,0.880,1.6,7.2,2.7,1.1,3.2,2.5,121,102
Meyers Leonard,POR,74,1222,16.3,2.9,5.9,15.4,0.386,3.0,8.7,0.347,1.4,1.6,0.875,1.1,8.5,0.5,1.1,1.4,7.0,105,112
Jon Leuer,DET,75,1944,19.9,2.9,8.1,16.8,0.480,1.3,4.3,0.293,2.5,2.9,0.867,2.7,7.8,0.8,0.7,1.7,3.8,113,109
Caris LeVert,BRK,57,1237,17.9,4.2,6.6,14.6,0.450,2.3,7.1,0.321,2.6,3.6,0.720,0.9,6.3,1.9,0.3,2.3,3.5,107,111
DeAndre Liggins,TOT,62,777,9.8,3.5,3.5,9.1,0.387,1.1,3.0,0.370,1.6,2.6,0.625,1.3,5.7,3.0,0.9,2.7,5.2,92,107
DeAndre Liggins,CLE,61,752,9.6,3.6,3.5,9.0,0.382,1.1,3.0,0.378,1.5,2.5,0.622,1.1,5.6,3.0,0.9,2.8,5.2,91,108
DeAndre Liggins,DAL,1,25,16.7,0.0,6.2,12.5,0.500,0.0,2.1,0.000,4.2,6.2,0.667,6.2,8.3,4.2,0.0,0.0,6.2,128,103
Damian Lillard,POR,75,2694,37.3,8.1,12.2,27.4,0.444,3.9,10.7,0.370,9.0,10.0,0.895,0.8,5.9,1.3,0.4,3.6,2.8,118,113
Jeremy Lin,BRK,36,883,28.1,9.9,9.4,21.5,0.438,3.1,8.4,0.372,6.2,7.6,0.816,0.6,6.7,2.3,0.8,4.6,4.2,109,109
Shaun Livingston,GSW,76,1345,13.9,5.0,6.2,11.3,0.547,0.0,0.1,0.333,1.5,2.1,0.700,1.0,4.4,1.4,0.7,2.2,4.3,110,108
Shawn Long,PHI,18,234,30.8,2.7,12.7,22.7,0.560,1.5,4.0,0.368,4.0,7.3,0.543,8.5,9.2,1.9,1.9,2.7,10.2,118,106
Kevon Looney,GSW,53,447,14.5,3.1,6.0,11.5,0.523,0.2,1.0,0.222,2.3,3.7,0.618,4.7,8.6,1.6,1.8,1.8,6.9,118,103
Brook Lopez,BRK,75,2222,32.8,3.8,11.8,25.0,0.474,2.9,8.3,0.346,6.3,7.8,0.810,2.6,6.0,0.8,2.6,3.9,4.1,108,111
Robin Lopez,CHI,81,2271,18.6,1.8,8.5,17.2,0.493,0.0,0.0,0.000,1.7,2.3,0.721,5.4,6.1,0.4,2.6,2.0,3.3,108,108
Kevin Love,CLE,60,1885,30.2,3.1,9.8,23.0,0.427,3.8,10.3,0.373,6.8,7.8,0.871,3.9,13.7,1.4,0.6,3.2,3.3,114,107
Kyle Lowry,TOR,60,2244,30.4,9.4,9.6,20.7,0.464,4.4,10.6,0.412,6.8,8.2,0.819,1.1,5.4,2.0,0.4,3.9,3.8,123,109
John Lucas III,MIN,5,11,9.2,4.6,4.6,18.4,0.250,0.0,4.6,0.000,0.0,0.0,,0.0,0.0,9.2,0.0,0.0,0.0,70,101
Timothe Luwawu-Cabarrot,PHI,69,1190,18.2,3.1,5.9,14.8,0.402,2.0,6.6,0.311,4.3,5.0,0.854,1.0,5.1,1.3,0.4,3.0,6.3,100,111
Trey Lyles,UTA,71,1158,19.9,3.1,7.2,19.9,0.362,2.9,9.2,0.319,2.6,3.6,0.722,2.2,8.5,1.2,0.9,2.9,4.4,94,106
Sheldon Mac,WAS,30,287,15.5,2.6,5.2,12.9,0.400,1.2,5.2,0.233,4.0,4.6,0.852,0.7,5.2,1.4,0.3,0.9,2.9,112,112
Shelvin Mack,UTA,55,1205,18.7,6.7,7.4,16.6,0.446,1.6,5.2,0.308,2.3,3.4,0.688,0.9,4.6,1.8,0.1,3.9,4.4,99,107
Ian Mahinmi,WAS,31,555,15.4,1.7,5.8,9.9,0.586,0.0,0.0,,3.8,6.7,0.573,4.2,9.1,2.9,2.1,3.0,8.0,110,104
Thon Maker,MIL,57,562,20.4,2.1,7.5,16.4,0.459,2.5,6.7,0.378,2.9,4.4,0.653,3.6,6.7,0.9,2.3,1.5,7.6,114,110
Boban Marjanovic,DET,35,293,32.9,1.6,12.4,22.8,0.545,0.0,0.0,,8.1,10.0,0.810,7.9,14.5,1.0,2.1,1.7,4.3,128,103
Jarell Martin,MEM,42,558,15.4,0.7,5.4,14.1,0.384,0.8,2.3,0.360,3.7,4.7,0.800,3.9,11.2,1.6,0.8,2.6,8.5,96,105
Wesley Matthews,DAL,73,2495,20.6,4.4,6.9,17.7,0.393,3.6,10.0,0.363,3.0,3.7,0.816,0.4,5.0,1.6,0.3,2.1,3.4,104,110
Luc Mbah a Moute,LAC,80,1787,13.5,1.1,5.3,10.6,0.505,1.2,3.1,0.391,1.6,2.4,0.678,1.2,3.5,2.3,1.0,1.3,3.4,111,109
James Michael McAdoo,GSW,52,457,15.5,1.9,6.5,12.3,0.530,0.2,0.8,0.250,2.2,4.4,0.500,3.6,6.0,1.9,3.1,2.0,4.9,108,103
Patrick McCaw,GSW,71,1074,12.6,3.4,4.7,11.0,0.433,1.8,5.5,0.333,1.3,1.7,0.784,0.9,3.5,1.4,0.7,1.6,2.8,107,108
CJ McCollum,POR,80,2796,32.6,5.1,12.3,25.6,0.480,3.3,7.8,0.421,4.8,5.2,0.912,1.1,4.1,1.3,0.7,3.1,3.6,114,113
T.J. McConnell,PHI,81,2133,12.7,12.2,5.4,11.7,0.461,0.3,1.3,0.200,1.7,2.1,0.811,0.9,4.8,3.1,0.2,3.6,3.2,107,108
Chris McCullough,TOT,16,80,21.4,1.2,9.5,19.0,0.500,0.6,4.2,0.143,1.8,3.0,0.600,5.4,5.9,1.2,1.2,1.8,4.2,107,112
Chris McCullough,BRK,14,72,23.0,1.3,10.5,20.4,0.516,0.7,4.0,0.167,1.3,2.0,0.667,5.9,5.3,0.7,1.3,1.3,4.6,113,113
Chris McCullough,WAS,2,8,6.2,0.0,0.0,6.2,0.000,0.0,6.2,0.000,6.2,12.3,0.500,0.0,12.3,6.2,0.0,6.2,0.0,37,98
K.J. McDaniels,TOT,49,505,19.4,1.2,7.3,15.9,0.456,1.9,6.2,0.303,3.0,3.6,0.842,1.4,6.3,1.8,1.7,2.7,4.6,100,109
K.J. McDaniels,HOU,29,212,18.1,0.9,7.0,15.4,0.456,2.0,6.1,0.333,2.0,2.3,0.900,1.4,5.4,1.6,1.8,2.3,5.4,102,109
K.J. McDaniels,BRK,20,293,20.4,1.5,7.4,16.3,0.455,1.8,6.3,0.282,3.7,4.5,0.821,1.5,7.0,1.9,1.6,3.1,4.0,100,109
Doug McDermott,TOT,66,1508,19.6,1.9,7.4,16.5,0.447,2.6,6.9,0.370,2.4,2.8,0.845,0.7,5.3,0.4,0.2,1.3,2.6,112,112
Doug McDermott,CHI,44,1078,20.9,2.1,7.8,17.4,0.445,2.6,7.0,0.373,2.8,3.1,0.881,0.7,5.4,0.5,0.2,1.5,2.7,111,112
Doug McDermott,OKC,22,430,16.5,1.5,6.4,14.2,0.452,2.4,6.6,0.362,1.4,1.9,0.706,0.7,4.9,0.2,0.1,0.7,2.5,116,113
JaVale McGee,GSW,77,739,30.7,1.1,13.5,20.8,0.652,0.0,0.2,0.000,3.6,7.2,0.505,6.5,9.4,1.2,4.4,2.6,7.1,120,101
Rodney McGruder,MIA,78,1966,12.7,3.2,4.9,11.8,0.413,1.9,5.6,0.332,1.1,1.8,0.620,2.4,4.2,1.2,0.5,1.4,3.6,108,110
Ben McLemore,SAC,61,1176,21.3,2.2,7.7,18.0,0.430,2.8,7.3,0.382,3.0,4.0,0.753,0.8,4.7,1.2,0.3,2.7,4.6,99,114
Jordan McRae,CLE,37,384,20.9,2.5,7.5,19.5,0.387,2.3,6.6,0.353,3.5,4.4,0.794,0.8,4.5,1.0,0.8,1.8,4.0,99,113
Josh McRoberts,MIA,22,381,14.2,6.6,5.8,15.6,0.373,1.7,4.1,0.419,0.8,1.2,0.667,3.0,6.7,1.3,0.5,3.0,4.1,97,108
Jodie Meeks,ORL,36,738,22.0,3.0,6.9,17.2,0.402,3.8,9.2,0.409,4.4,5.0,0.878,0.3,4.8,2.3,0.3,2.4,2.8,107,111
Salah Mejri,DAL,73,905,12.2,0.8,5.1,7.9,0.642,0.1,0.2,0.333,2.1,3.5,0.590,5.6,12.1,1.8,3.5,2.3,8.7,121,102
Jordan Mickey,BOS,25,141,13.4,2.5,5.3,12.0,0.441,0.0,0.4,0.000,2.8,4.9,0.571,4.6,7.4,1.1,2.1,3.2,4.2,96,108
Khris Middleton,MIL,29,889,24.3,5.7,8.6,19.0,0.450,2.6,5.9,0.433,4.6,5.3,0.880,0.6,6.4,2.3,0.4,3.7,4.5,106,109
C.J. Miles,IND,76,1776,23.0,1.4,7.9,18.2,0.434,4.8,11.5,0.413,2.4,2.6,0.903,0.8,5.6,1.3,0.7,1.1,4.3,115,111
Mike Miller,DEN,20,151,9.1,7.1,2.9,7.4,0.391,2.6,6.5,0.400,0.6,0.6,1.000,0.6,11.6,0.6,0.0,4.2,2.9,98,113
Patty Mills,SAS,80,1754,22.1,8.1,7.9,18.0,0.440,4.3,10.3,0.414,1.9,2.3,0.825,0.7,3.4,1.9,0.1,2.9,3.2,114,107
Elijah Millsap,PHO,2,23,6.2,2.1,2.1,14.6,0.143,0.0,4.2,0.000,2.1,4.2,0.500,6.2,6.2,0.0,0.0,4.2,4.2,57,117
Paul Millsap,ATL,69,2343,26.2,5.3,9.0,20.4,0.442,1.6,5.1,0.311,6.5,8.5,0.768,2.3,8.9,1.9,1.3,3.3,3.9,108,104
Nikola Mirotic,CHI,70,1679,22.3,2.3,7.7,18.8,0.413,3.9,11.3,0.342,3.0,3.8,0.773,1.8,9.7,1.6,1.7,2.4,3.8,107,105
Greg Monroe,MIL,81,1823,26.5,5.2,10.8,20.2,0.533,0.0,0.1,0.000,4.9,6.7,0.741,4.7,10.2,2.6,1.1,3.9,4.7,111,105
E'Twaun Moore,NOP,73,1820,18.8,4.4,7.6,16.7,0.457,2.1,5.6,0.370,1.5,2.0,0.770,0.9,3.2,1.3,0.9,1.7,3.5,107,111
Marcus Morris,DET,79,2565,21.8,3.2,8.3,19.8,0.418,2.3,7.0,0.331,2.9,3.6,0.784,1.5,5.7,1.0,0.5,1.7,3.3,105,109
Markieff Morris,WAS,76,2374,22.1,2.6,8.4,18.5,0.457,1.5,4.1,0.362,3.7,4.5,0.837,2.2,8.0,1.7,0.9,2.7,5.3,106,109
Anthony Morrow,TOT,49,714,18.7,1.7,6.8,17.4,0.389,2.8,9.2,0.308,2.3,2.6,0.919,0.8,1.3,1.7,0.1,0.4,3.0,112,112
Anthony Morrow,OKC,40,627,18.0,1.5,6.7,17.5,0.386,2.7,9.3,0.294,1.8,2.0,0.885,0.9,1.4,1.7,0.2,0.5,3.1,108,111
Anthony Morrow,CHI,9,87,23.7,3.5,6.9,16.8,0.414,3.5,8.1,0.429,6.4,6.4,1.000,0.6,0.6,1.2,0.0,0.0,2.3,137,113
Donatas Motiejunas,NOP,34,479,15.3,3.3,5.8,14.1,0.413,1.1,4.8,0.234,2.6,5.0,0.510,2.7,7.7,1.8,1.1,3.2,5.6,91,106
Timofey Mozgov,LAL,54,1104,17.7,1.9,7.5,14.5,0.515,0.0,0.0,0.000,2.8,3.4,0.808,4.6,7.1,0.7,1.4,3.2,5.9,106,114
Emmanuel Mudiay,DEN,55,1406,20.9,7.5,7.2,19.1,0.377,1.9,6.2,0.315,4.5,5.8,0.784,1.0,5.2,1.4,0.5,4.3,3.3,98,114
Shabazz Muhammad,MIN,78,1516,25.8,1.2,9.6,20.0,0.482,1.6,4.9,0.338,4.9,6.4,0.774,2.8,4.5,0.7,0.2,1.9,2.9,114,116
Dejounte Murray,SAS,38,322,20.6,7.6,7.9,18.4,0.431,1.4,3.6,0.391,3.3,4.7,0.700,0.9,5.7,1.3,0.9,6.0,4.6,91,106
Jamal Murray,DEN,82,1764,22.5,4.7,8.2,20.2,0.404,3.2,9.5,0.334,2.9,3.3,0.883,1.1,4.8,1.4,0.7,3.1,3.4,103,114
Mike Muscala,ATL,70,1237,17.3,3.8,6.8,13.4,0.504,1.8,4.4,0.418,2.0,2.6,0.766,3.0,6.5,1.2,1.6,2.2,3.9,116,107
Larry Nance,LAL,63,1442,15.2,3.2,6.4,12.2,0.526,0.3,1.2,0.278,2.0,2.7,0.738,4.1,8.4,2.8,1.3,1.9,5.0,117,109
Shabazz Napier,POR,53,512,21.1,6.5,7.1,17.7,0.399,3.3,8.9,0.370,3.7,4.8,0.776,0.8,5.1,3.1,0.2,4.0,3.7,102,109
Maurice Ndour,NYK,32,331,14.8,1.2,5.9,13.0,0.453,0.2,1.1,0.143,2.9,3.9,0.731,3.3,6.3,2.3,1.2,1.8,4.5,104,110
Gary Neal,ATL,2,18,11.0,2.7,0.0,19.2,0.000,0.0,5.5,0.000,11.0,11.0,1.000,0.0,2.7,0.0,0.0,0.0,2.7,61,114
Jameer Nelson,DEN,75,2045,16.4,9.2,6.4,14.4,0.444,2.5,6.5,0.388,1.1,1.5,0.714,0.7,3.9,1.3,0.2,3.1,4.7,111,115
Raul Neto,UTA,40,346,15.2,5.2,6.2,13.8,0.451,1.5,4.7,0.323,1.2,1.4,0.889,0.6,3.9,3.2,0.8,2.3,7.3,105,104
Georges Niang,IND,23,93,11.3,2.7,4.8,19.4,0.250,0.5,6.5,0.083,1.1,1.1,1.000,1.1,8.1,1.6,0.0,2.7,3.2,62,110
Andrew Nicholson,TOT,38,342,14.2,1.4,6.1,15.8,0.387,0.7,3.8,0.185,1.3,2.0,0.643,2.1,6.5,2.3,0.9,2.4,7.8,85,108
Andrew Nicholson,WAS,28,231,14.9,1.5,6.4,16.4,0.390,0.6,3.4,0.188,1.5,2.6,0.583,2.3,4.9,2.3,1.3,2.3,7.9,87,108
Andrew Nicholson,BRK,10,111,12.8,1.3,5.6,14.5,0.382,0.9,4.7,0.182,0.9,0.9,1.000,1.7,9.8,2.1,0.0,2.6,7.7,81,108
Joakim Noah,NYK,46,1015,11.4,5.1,4.9,10.0,0.490,0.0,0.0,0.000,1.7,3.8,0.436,8.0,11.9,1.5,1.8,2.9,6.3,111,108
Nerlens Noel,TOT,51,1047,21.3,2.4,8.8,14.8,0.595,0.0,0.0,0.000,3.7,5.3,0.694,4.5,9.6,3.1,2.4,2.4,6.0,119,102
Nerlens Noel,PHI,29,564,22.2,2.6,9.2,15.1,0.611,0.0,0.1,0.000,3.7,5.4,0.683,4.0,8.5,3.7,2.2,2.5,6.1,119,102
Nerlens Noel,DAL,22,483,20.3,2.2,8.3,14.4,0.575,0.0,0.0,,3.7,5.2,0.708,5.1,11.1,2.4,2.6,2.4,5.9,118,102
Lucas Nogueira,TOR,57,1088,11.8,2.0,4.8,7.3,0.660,0.1,0.6,0.250,2.0,3.1,0.657,3.8,7.5,2.4,4.1,2.1,6.4,125,102
Steve Novak,MIL,8,22,11.5,0.0,4.6,16.2,0.286,2.3,13.9,0.167,0.0,0.0,,0.0,6.9,0.0,0.0,0.0,2.3,75,115
Dirk Nowitzki,DAL,54,1424,28.1,3.0,10.8,24.8,0.437,2.9,7.6,0.378,3.6,4.1,0.875,0.8,12.1,1.1,1.4,1.9,4.1,103,106
Jusuf Nurkić,TOT,65,1391,23.4,4.3,9.6,18.9,0.507,0.0,0.0,0.000,4.2,7.4,0.571,5.4,11.1,1.8,2.6,5.1,5.7,101,107
Jusuf Nurkić,DEN,45,807,21.7,3.6,9.1,18.0,0.507,0.0,0.0,,3.4,6.8,0.496,5.4,10.3,1.5,2.2,4.9,5.3,98,109
Jusuf Nurkić,POR,20,584,25.8,5.4,10.2,20.1,0.508,0.0,0.1,0.000,5.4,8.2,0.660,5.5,12.1,2.1,3.2,5.3,6.2,105,104
David Nwaba,LAL,20,397,14.7,1.7,5.8,9.9,0.580,0.1,0.6,0.200,3.1,4.8,0.641,2.1,5.6,1.6,0.9,1.4,4.4,121,114
Johnny O'Bryant,TOT,11,80,23.5,3.7,9.3,18.5,0.500,1.9,3.7,0.500,3.1,3.7,0.833,5.6,6.2,0.0,0.6,3.7,6.2,112,115
Johnny O'Bryant,DEN,7,46,21.2,2.1,7.4,15.9,0.467,2.1,3.2,0.667,4.2,4.2,1.000,5.3,6.4,0.0,1.1,3.2,4.2,116,116
Johnny O'Bryant,CHO,4,34,26.6,5.9,11.8,22.1,0.533,1.5,4.4,0.333,1.5,3.0,0.500,5.9,5.9,0.0,0.0,4.4,8.9,108,114
Kyle O'Quinn,NYK,79,1229,20.2,4.8,8.7,16.8,0.521,0.1,0.7,0.118,2.6,3.4,0.771,6.4,11.5,1.5,4.2,3.1,7.1,114,105
Daniel Ochefu,WAS,19,75,15.8,2.0,7.9,17.7,0.444,0.0,0.0,,0.0,1.3,0.000,3.3,11.2,1.3,0.0,2.0,11.2,91,108
Jahlil Okafor,PHI,50,1134,25.3,2.5,10.4,20.2,0.514,0.0,0.0,,4.6,6.8,0.671,3.5,6.8,0.9,2.1,3.9,5.2,101,110
Victor Oladipo,OKC,67,2222,23.6,3.9,9.1,20.6,0.442,2.8,7.8,0.361,2.6,3.4,0.753,0.9,5.6,1.7,0.5,2.6,3.4,106,109
Kelly Olynyk,BOS,75,1538,21.9,4.8,8.4,16.4,0.512,2.2,6.2,0.354,2.9,4.0,0.732,2.4,9.3,1.4,0.9,3.1,6.7,113,107
Arinze Onuaku,ORL,8,28,7.1,3.5,3.5,7.1,0.500,0.0,0.0,,0.0,0.0,,3.5,7.1,0.0,1.8,3.5,5.3,90,113
Chinanu Onuaku,HOU,5,52,12.9,2.8,4.6,6.5,0.714,0.0,0.0,,3.7,3.7,1.000,1.8,7.4,2.8,0.9,3.7,5.5,119,106
Kelly Oubre,WAS,79,1605,15.4,1.4,5.7,13.6,0.421,1.7,5.8,0.287,2.3,3.0,0.758,1.9,6.1,1.8,0.5,1.5,6.0,104,110
Zaza Pachulia,GSW,70,1268,16.2,5.0,6.2,11.6,0.534,0.0,0.1,0.000,3.7,4.8,0.778,5.3,10.2,2.2,1.3,3.3,6.3,118,101
Georgios Papagiannis,SAC,22,355,17.7,2.9,8.0,14.5,0.549,0.0,0.3,0.000,1.7,2.0,0.857,3.4,8.8,0.4,2.4,3.4,6.3,104,111
Jabari Parker,MIL,51,1728,30.1,4.2,11.7,23.9,0.490,1.9,5.2,0.365,4.8,6.4,0.743,2.3,6.9,1.5,0.6,2.7,3.3,110,110
Tony Parker,SAS,63,1587,20.5,9.2,8.5,18.3,0.466,0.7,2.2,0.333,2.7,3.8,0.726,0.3,3.3,1.1,0.1,2.9,3.0,107,109
Chandler Parsons,MEM,34,675,16.2,4.2,5.8,17.1,0.338,1.9,7.2,0.269,2.7,3.3,0.814,0.5,6.0,1.5,0.4,1.8,4.0,93,109
Lamar Patterson,ATL,5,40,11.1,7.4,3.7,18.5,0.200,1.2,7.4,0.167,2.5,3.7,0.667,1.2,7.4,1.2,0.0,4.9,7.4,64,108
Patrick Patterson,TOR,65,1599,14.1,2.4,4.9,12.2,0.401,3.0,8.0,0.372,1.4,1.9,0.717,2.0,7.3,1.3,0.7,1.2,3.8,115,109
Chris Paul,LAC,61,1921,28.7,14.6,9.7,20.4,0.476,3.2,7.9,0.411,6.0,6.8,0.892,1.0,6.9,3.1,0.2,3.8,3.8,126,106
Adreian Payne,MIN,18,135,23.7,2.6,8.6,20.3,0.426,1.1,5.6,0.200,5.3,7.1,0.737,3.4,9.0,3.0,2.6,3.0,12.0,103,105
Cameron Payne,TOT,31,462,17.1,5.9,6.9,20.7,0.332,2.9,9.2,0.314,0.5,0.9,0.625,0.3,4.8,1.5,0.4,3.1,5.6,86,110
Cameron Payne,OKC,20,320,16.3,6.1,6.6,19.9,0.331,2.5,8.0,0.308,0.6,0.6,1.000,0.3,4.4,1.5,0.6,2.5,5.8,90,110
Cameron Payne,CHI,11,142,19.2,5.3,7.4,22.3,0.333,3.9,12.1,0.324,0.4,1.4,0.250,0.4,5.7,1.4,0.0,4.6,5.0,80,110
Elfrid Payton,ORL,82,2412,21.5,10.9,8.8,18.7,0.471,0.8,3.0,0.274,3.0,4.3,0.692,1.8,6.1,1.8,0.8,3.7,3.6,107,111
Gary Payton,MIL,6,99,10.3,6.7,4.1,11.3,0.364,0.5,4.6,0.111,1.5,2.6,0.600,0.0,6.2,1.5,2.1,5.1,4.6,74,109
Paul Pierce,LAC,25,277,14.6,1.8,5.1,12.6,0.400,2.7,7.8,0.349,1.8,2.3,0.769,0.2,8.5,0.7,0.9,2.9,7.2,92,109
Marshall Plumlee,NYK,21,170,11.8,2.9,4.7,8.8,0.533,0.0,0.0,,2.4,5.6,0.421,6.8,8.2,1.2,1.2,3.5,6.8,103,111
Mason Plumlee,TOT,81,2148,19.4,6.5,7.7,14.3,0.536,0.0,0.1,0.000,4.0,6.9,0.580,3.9,10.0,1.6,2.1,3.1,5.2,114,108
Mason Plumlee,POR,54,1516,19.6,7.0,7.7,14.5,0.532,0.0,0.2,0.000,4.2,7.3,0.567,3.9,10.2,1.6,2.1,2.9,4.9,116,107
Mason Plumlee,DEN,27,632,18.9,5.4,7.6,14.0,0.547,0.0,0.1,0.000,3.6,5.9,0.618,3.9,9.5,1.5,2.2,3.6,5.9,112,109
Miles Plumlee,TOT,45,484,11.8,2.2,4.6,9.6,0.478,0.0,0.0,,2.6,4.1,0.641,4.0,6.0,1.9,1.4,3.1,7.6,99,109
Miles Plumlee,MIL,32,310,13.4,2.9,4.9,11.1,0.441,0.0,0.0,,3.6,5.7,0.629,3.8,4.9,1.8,1.5,3.6,7.9,95,110
Miles Plumlee,CHO,13,174,8.9,0.9,4.0,6.9,0.583,0.0,0.0,,0.9,1.2,0.750,4.3,7.8,2.0,1.2,2.3,7.2,109,107
Jakob Pöltl,TOR,54,626,13.4,1.0,5.4,9.3,0.583,0.0,0.0,,2.5,4.6,0.544,6.3,7.0,1.4,1.6,2.3,9.1,118,108
Otto Porter,WAS,80,2605,20.3,2.3,7.8,15.2,0.516,2.8,6.5,0.434,1.9,2.3,0.832,2.2,7.5,2.2,0.8,0.8,3.7,129,108
Bobby Portis,CHI,64,1000,22.0,1.8,9.2,18.9,0.488,1.6,4.8,0.333,2.0,3.0,0.661,3.8,11.1,0.8,0.6,1.9,4.7,110,107
Kristaps Porziņģis,NYK,66,2164,27.6,2.2,10.2,22.8,0.450,2.6,7.3,0.357,4.6,5.8,0.786,2.6,8.4,1.1,3.0,2.7,5.6,108,109
Dwight Powell,DAL,77,1333,20.1,1.9,7.6,14.7,0.515,0.8,2.9,0.284,4.2,5.5,0.759,3.6,8.3,2.4,1.5,1.3,5.3,120,105
Norman Powell,TOR,76,1368,23.6,3.0,8.4,18.7,0.449,2.1,6.4,0.324,4.7,5.9,0.792,1.0,5.3,1.9,0.5,2.6,4.7,109,109
Alex Poythress,PHI,6,157,19.9,1.6,7.8,16.8,0.463,1.9,5.9,0.316,2.5,3.1,0.800,3.4,5.6,0.9,0.6,0.9,4.3,115,112
Ronnie Price,PHO,14,134,5.0,6.4,1.4,8.6,0.167,1.1,6.1,0.176,1.1,1.4,0.750,1.1,2.9,3.9,0.4,1.1,5.0,86,110
Tim Quarterman,POR,16,80,19.2,6.8,8.1,18.0,0.448,3.1,8.1,0.385,0.0,1.9,0.000,2.5,6.2,1.2,1.9,6.8,3.7,88,111
Chasson Randle,TOT,26,299,22.8,5.6,6.6,16.3,0.408,2.7,7.8,0.340,6.8,7.1,0.953,1.0,4.3,1.5,0.3,3.2,6.5,115,113
Chasson Randle,PHI,8,74,27.7,4.0,7.9,17.1,0.462,4.0,9.9,0.400,7.9,7.9,1.000,0.0,3.3,2.0,0.7,2.0,7.2,130,111
Chasson Randle,NYK,18,225,21.1,6.2,6.2,16.0,0.389,2.2,7.1,0.313,6.4,6.9,0.935,1.3,4.7,1.3,0.2,3.6,6.2,110,114
Julius Randle,LAL,74,2132,22.3,6.0,8.6,17.7,0.488,0.4,1.4,0.270,4.7,6.4,0.723,3.4,11.1,1.1,0.8,4.0,5.7,107,112
Zach Randolph,MEM,73,1786,29.9,3.6,12.6,28.1,0.449,0.6,2.7,0.223,4.1,5.6,0.731,5.3,12.1,1.1,0.3,2.9,4.0,103,106
J.J. Redick,LAC,78,2198,26.7,2.5,9.0,20.2,0.445,4.6,10.6,0.429,4.1,4.6,0.891,0.3,3.6,1.2,0.3,2.2,2.8,113,112
Willie Reed,MIA,71,1031,18.3,1.3,7.9,13.9,0.568,0.0,0.2,0.250,2.4,4.3,0.557,6.3,9.9,0.9,2.3,1.5,6.7,122,105
Josh Richardson,MIA,53,1614,16.8,4.4,6.3,16.0,0.394,2.3,7.1,0.330,1.9,2.4,0.779,1.1,4.2,1.9,1.2,2.0,4.1,102,108
Malachi Richardson,SAC,22,198,20.2,2.8,7.2,17.4,0.412,2.0,7.2,0.286,3.8,4.9,0.789,0.8,5.1,1.3,0.3,2.0,5.9,102,114
Austin Rivers,LAC,74,2054,21.6,5.0,7.9,17.8,0.442,2.7,7.3,0.371,3.2,4.6,0.691,0.5,3.4,1.2,0.2,2.8,4.5,105,112
Andre Roberson,OKC,79,2376,10.8,1.6,4.4,9.6,0.464,0.9,3.8,0.245,1.0,2.3,0.423,2.0,6.3,1.9,1.6,1.1,4.2,108,106
Brian Roberts,CHO,41,416,17.1,6.3,5.5,14.7,0.377,2.0,5.3,0.386,4.0,4.7,0.846,0.6,4.1,1.1,0.1,3.1,2.2,100,112
Glenn Robinson,IND,69,1427,14.7,1.6,5.5,11.9,0.467,1.7,4.4,0.392,1.9,2.7,0.711,2.0,6.6,1.4,0.7,1.3,2.2,112,110
Thomas Robinson,LAL,48,560,21.0,2.7,9.1,17.1,0.536,0.0,0.1,0.000,2.7,5.7,0.470,7.3,12.1,2.3,0.8,4.0,6.6,105,109
Sergio Rodriguez,PHI,68,1518,17.0,11.0,6.7,17.2,0.392,3.0,8.1,0.365,0.6,0.9,0.667,0.7,4.4,1.6,0.1,4.1,3.0,99,112
Rajon Rondo,CHI,69,1843,14.7,12.6,6.3,15.3,0.408,1.4,3.6,0.376,0.8,1.4,0.600,2.0,7.7,2.7,0.3,4.6,3.9,98,105
Derrick Rose,NYK,64,2082,27.7,6.8,11.0,23.5,0.471,0.3,1.4,0.217,5.3,6.1,0.874,1.6,4.3,1.1,0.4,3.5,2.0,108,115
Terrence Ross,TOT,78,1955,22.1,2.3,8.4,19.2,0.437,3.6,10.1,0.363,1.6,2.0,0.831,0.5,4.8,2.2,0.8,1.7,3.7,107,109
Terrence Ross,TOR,54,1207,23.5,1.9,8.9,20.1,0.441,4.0,10.8,0.375,1.7,2.1,0.820,0.6,5.2,2.2,0.8,1.4,3.4,112,108
Terrence Ross,ORL,24,748,19.8,2.8,7.6,17.7,0.431,3.0,8.9,0.341,1.5,1.8,0.852,0.3,4.2,2.3,0.9,2.3,4.0,99,110
Terry Rozier,BOS,74,1263,16.1,5.1,5.9,16.1,0.367,2.2,7.0,0.318,2.0,2.6,0.773,1.6,7.3,1.8,0.4,1.8,2.7,100,108
Ricky Rubio,MIN,75,2469,17.2,14.0,5.4,13.4,0.402,1.2,4.0,0.306,5.2,5.9,0.891,1.4,4.9,2.6,0.2,4.0,4.1,115,112
Damjan Rudez,ORL,45,314,12.9,3.2,4.9,13.9,0.352,3.2,10.1,0.313,0.0,0.0,,0.8,3.2,1.9,0.2,1.4,4.9,95,113
Brandon Rush,MIN,47,1030,9.7,2.2,3.4,9.2,0.374,2.2,5.6,0.386,0.6,0.9,0.722,0.8,4.1,1.1,1.1,1.4,2.1,101,115
D'Angelo Russell,LAL,63,1811,26.5,8.2,9.4,23.3,0.405,3.6,10.3,0.352,4.0,5.1,0.782,0.8,5.1,2.3,0.4,4.7,3.5,101,113
Domantas Sabonis,OKC,81,1632,14.4,2.5,5.8,14.5,0.399,1.5,4.8,0.321,1.3,2.0,0.657,1.4,7.3,1.2,1.0,2.5,6.0,93,108
Larry Sanders,CLE,5,13,15.4,0.0,3.8,15.4,0.250,0.0,0.0,,7.7,7.7,1.000,11.5,3.8,3.8,3.8,7.7,19.2,85,103
Dario Šarić,PHI,81,2129,23.8,4.2,8.7,21.2,0.411,2.4,7.8,0.311,3.9,5.0,0.782,2.6,9.2,1.3,0.7,4.2,3.7,96,109
Tomáš Satoranský,WAS,57,719,10.6,6.3,4.2,10.1,0.415,0.6,2.5,0.243,1.6,2.3,0.697,1.7,4.0,1.8,0.4,2.6,4.1,101,111
Dennis Schröder,ATL,79,2485,28.0,9.9,10.9,24.1,0.451,2.0,5.8,0.340,4.3,5.1,0.855,0.8,4.1,1.5,0.3,5.1,3.0,103,109
Luis Scola,BRK,36,461,18.9,3.8,7.3,15.5,0.470,1.7,5.1,0.340,2.6,3.8,0.676,5.2,9.0,1.4,0.4,3.5,6.5,107,110
Mike Scott,ATL,18,195,11.4,4.3,4.3,14.9,0.288,1.0,6.8,0.148,1.8,2.0,0.875,2.5,6.8,1.0,0.8,2.0,3.0,85,108
Thabo Sefolosha,ATL,62,1596,13.7,3.3,5.4,12.2,0.441,1.3,3.7,0.342,1.7,2.3,0.733,1.7,6.7,3.0,1.0,1.8,3.0,105,103
Wayne Selden,TOT,14,236,15.5,2.8,5.4,12.6,0.431,1.5,6.1,0.250,3.0,4.8,0.636,0.2,3.3,1.3,0.2,2.6,3.9,96,111
Wayne Selden,NOP,3,47,16.7,1.0,5.2,8.3,0.625,4.2,7.3,0.571,2.1,4.2,0.500,0.0,5.2,2.1,0.0,3.1,6.3,113,109
Wayne Selden,MEM,11,189,15.1,3.3,5.5,13.8,0.400,0.8,5.8,0.143,3.3,5.0,0.667,0.3,2.8,1.1,0.3,2.5,3.3,93,112
Kevin Seraphin,IND,49,559,20.8,2.1,9.8,17.7,0.551,0.0,0.2,0.000,1.3,2.0,0.636,3.7,9.0,0.6,1.8,2.6,5.9,106,109
Ramon Sessions,CHO,50,811,19.3,8.0,6.2,16.3,0.380,1.3,3.8,0.339,5.6,7.3,0.771,0.7,3.8,1.7,0.2,2.8,2.7,103,111
Iman Shumpert,CLE,76,1937,14.6,2.8,5.2,12.6,0.411,2.4,6.7,0.360,1.8,2.3,0.789,1.0,4.6,1.6,0.7,2.0,3.9,104,112
Pascal Siakam,TOR,55,859,13.5,1.0,6.1,12.1,0.502,0.1,0.4,0.143,1.3,1.9,0.688,3.8,7.1,1.5,2.7,1.9,6.4,106,106
Jonathon Simmons,SAS,78,1392,17.7,4.6,6.5,15.4,0.420,1.1,3.7,0.294,3.6,4.8,0.750,0.7,5.1,1.7,0.9,2.8,5.3,100,105
Kyle Singler,OKC,32,385,11.2,1.1,4.3,10.6,0.410,0.9,4.7,0.189,1.7,2.2,0.765,1.0,5.1,0.9,0.6,1.4,3.7,99,111
Marcus Smart,BOS,79,2399,17.3,7.5,5.6,15.5,0.359,1.9,6.9,0.283,4.2,5.2,0.812,1.6,4.7,2.6,0.7,3.3,4.0,102,108
Ish Smith,DET,81,1955,19.6,10.8,8.5,19.4,0.439,0.7,2.7,0.267,1.9,2.6,0.706,0.5,5.5,1.6,0.9,2.9,3.3,103,108
J.R. Smith,CLE,41,1187,14.8,2.6,5.2,15.0,0.346,4.0,11.4,0.351,0.4,0.6,0.667,0.7,4.0,1.7,0.5,1.1,3.2,101,112
Jason Smith,WAS,74,1068,19.4,1.7,8.0,15.2,0.529,1.7,3.6,0.474,1.6,2.4,0.686,3.0,9.0,1.0,2.5,2.7,7.8,110,108
Tony Snell,MIL,80,2336,14.8,2.1,5.3,11.8,0.455,3.1,7.7,0.406,1.0,1.3,0.810,0.5,4.9,1.2,0.3,1.2,2.7,114,113
Marreese Speights,LAC,82,1286,27.6,2.5,9.5,21.3,0.445,4.0,10.8,0.372,4.7,5.3,0.876,3.4,11.1,0.9,1.6,2.7,8.9,114,106
Tiago Splitter,PHI,8,76,25.0,2.6,9.0,19.9,0.452,1.3,3.8,0.333,5.8,7.1,0.818,5.1,9.0,0.6,0.6,3.8,5.1,105,110
Nik Stauskas,PHI,80,2188,16.8,4.2,5.6,14.1,0.396,2.9,8.0,0.368,2.7,3.3,0.813,0.5,4.6,1.0,0.7,2.9,3.2,100,112
Lance Stephenson,TOT,18,361,16.8,8.1,7.4,16.5,0.450,0.8,2.8,0.300,1.1,1.8,0.615,0.6,6.6,0.7,0.4,3.6,4.4,96,112
Lance Stephenson,NOP,6,162,17.5,8.8,7.9,16.6,0.473,0.3,3.0,0.100,1.5,2.4,0.625,0.9,4.5,0.6,0.3,3.3,5.4,100,112
Lance Stephenson,MIN,6,67,15.9,3.8,7.6,15.9,0.476,0.0,1.5,0.000,0.8,1.5,0.500,0.0,7.6,0.0,0.0,3.0,1.5,89,117
Lance Stephenson,IND,6,132,16.3,9.5,6.8,16.7,0.409,1.9,3.0,0.625,0.8,1.1,0.667,0.4,8.7,1.1,0.8,4.2,4.5,94,109
Jarnell Stokes,DEN,2,7,20.9,14.0,7.0,7.0,1.000,0.0,0.0,,7.0,14.0,0.500,7.0,7.0,7.0,0.0,0.0,20.9,183,101
Diamond Stone,LAC,7,24,20.8,0.0,6.2,27.1,0.231,0.0,0.0,,8.3,8.3,1.000,2.1,10.4,0.0,2.1,4.2,10.4,69,108
Rodney Stuckey,IND,39,696,20.2,6.0,6.5,17.5,0.373,1.4,4.3,0.317,5.8,7.7,0.748,0.4,5.6,1.2,0.0,3.8,3.2,94,112
Jared Sullinger,TOR,11,118,15.9,1.3,6.4,20.2,0.319,1.3,7.7,0.167,1.7,3.4,0.500,4.3,7.3,1.7,0.4,1.7,7.3,86,108
Edy Tavares,TOT,2,28,14.2,1.8,7.1,8.9,0.800,0.0,0.0,,0.0,5.3,0.000,7.1,12.5,0.0,10.7,3.6,5.3,109,98
Edy Tavares,ATL,1,4,24.6,0.0,12.3,12.3,1.000,0.0,0.0,,0.0,24.6,0.000,0.0,12.3,0.0,0.0,0.0,0.0,78,108
Edy Tavares,CLE,1,24,12.5,2.1,6.2,8.3,0.750,0.0,0.0,,0.0,2.1,0.000,8.3,12.5,0.0,12.5,4.2,6.2,115,96
Isaiah Taylor,HOU,4,52,2.8,2.8,0.9,6.5,0.143,0.0,1.8,0.000,0.9,1.8,0.500,0.9,1.8,0.9,0.9,0.0,5.5,73,114
Jeff Teague,IND,82,2657,23.6,12.0,7.6,17.1,0.442,1.7,4.7,0.357,6.8,7.8,0.867,0.6,5.6,1.9,0.6,4.1,3.1,115,110
Mirza Teletovic,MIL,70,1133,20.2,2.2,7.0,18.7,0.373,4.7,13.7,0.341,1.6,2.0,0.778,0.5,6.8,0.5,0.6,1.7,4.9,99,113
Garrett Temple,SAC,65,1728,14.8,4.9,5.4,12.6,0.424,2.4,6.4,0.373,1.7,2.2,0.784,0.9,4.5,2.5,0.8,2.3,4.1,106,111
Jason Terry,MIL,74,1365,11.4,3.6,3.9,9.0,0.432,2.7,6.4,0.427,0.9,1.1,0.828,0.6,3.4,1.7,0.7,1.3,3.5,116,112
Isaiah Thomas,BOS,76,2569,42.4,8.6,13.2,28.4,0.463,4.7,12.5,0.379,11.4,12.5,0.909,0.8,3.1,1.4,0.3,4.1,3.2,122,112
Lance Thomas,NYK,46,968,14.2,1.8,5.0,12.6,0.398,2.0,4.4,0.447,2.2,2.6,0.843,1.7,5.7,1.1,0.3,1.3,4.4,108,114
Hollis Thompson,TOT,40,752,13.3,2.3,5.0,13.0,0.385,2.1,6.2,0.337,1.2,1.9,0.655,1.2,6.0,1.3,0.4,0.7,4.5,102,111
Hollis Thompson,PHI,31,561,14.8,2.3,5.7,13.8,0.415,2.3,6.2,0.366,1.1,1.7,0.650,1.3,6.0,1.2,0.5,0.8,4.8,106,111
Hollis Thompson,NOP,9,191,8.7,2.3,2.8,10.5,0.268,1.5,6.2,0.250,1.5,2.3,0.667,1.0,6.2,1.5,0.0,0.5,3.6,88,110
Klay Thompson,GSW,78,2649,31.6,2.9,11.7,25.0,0.468,4.9,11.8,0.414,3.4,4.0,0.853,0.9,4.3,1.2,0.7,2.3,2.5,111,108
Tristan Thompson,CLE,78,2336,13.5,1.6,5.6,9.3,0.600,0.0,0.1,0.000,2.3,4.6,0.498,6.1,9.2,0.8,1.8,1.4,3.8,128,109
Marcus Thornton,WAS,33,575,18.8,3.5,7.2,18.0,0.400,2.4,6.9,0.350,2.0,2.3,0.852,1.9,4.6,1.6,0.3,2.1,4.1,102,112
Mike Tobey,CHO,2,25,4.0,2.0,2.0,8.0,0.250,0.0,0.0,,0.0,0.0,,4.0,2.0,0.0,0.0,2.0,4.0,73,116
Anthony Tolliver,SAC,65,1477,15.8,2.6,5.3,12.0,0.442,3.1,7.9,0.391,2.1,2.8,0.744,1.7,6.4,1.2,0.7,1.9,3.7,113,113
Axel Toupane,TOT,4,47,11.5,0.0,5.2,9.4,0.556,1.0,4.2,0.250,0.0,0.0,,0.0,1.0,1.0,1.0,0.0,6.3,117,113
Axel Toupane,MIL,2,6,0.0,0.0,0.0,8.5,0.000,0.0,8.5,0.000,0.0,0.0,,0.0,0.0,0.0,0.0,0.0,8.5,0,118
Axel Toupane,NOP,2,41,13.1,0.0,6.0,9.6,0.625,1.2,3.6,0.333,0.0,0.0,,0.0,1.2,1.2,1.2,0.0,6.0,132,112
Karl-Anthony Towns,MIN,82,3030,34.5,3.7,13.4,24.8,0.542,1.7,4.6,0.367,6.0,7.2,0.832,5.0,11.9,0.9,1.7,3.5,4.0,121,110
P.J. Tucker,TOT,81,2236,11.7,2.2,4.3,10.5,0.413,1.5,4.3,0.357,1.6,2.0,0.774,2.5,7.7,2.5,0.4,1.4,4.3,109,109
P.J. Tucker,PHO,57,1627,11.8,2.1,4.3,10.4,0.415,1.4,4.0,0.338,1.8,2.3,0.792,2.8,7.3,2.5,0.4,1.5,4.2,109,111
P.J. Tucker,TOR,24,609,11.6,2.2,4.3,10.7,0.406,2.0,5.0,0.400,0.9,1.3,0.688,1.9,8.8,2.6,0.4,1.2,4.4,110,106
Evan Turner,POR,65,1658,17.5,6.1,7.0,16.5,0.426,0.9,3.5,0.263,2.5,3.1,0.825,1.1,6.3,1.6,0.7,3.0,3.6,100,111
Myles Turner,IND,81,2541,23.1,2.1,8.7,17.1,0.511,0.8,2.3,0.348,4.8,6.0,0.809,2.7,8.9,1.5,3.4,2.1,5.2,115,105
Beno Udrih,DET,39,560,20.5,11.8,8.3,17.8,0.467,1.0,2.9,0.344,2.9,3.1,0.941,0.5,4.6,1.2,0.0,3.2,2.6,112,110
Tyler Ulis,PHO,61,1123,18.9,9.6,7.8,18.6,0.421,0.9,3.4,0.266,2.3,3.0,0.775,0.9,3.2,2.0,0.2,3.3,3.1,102,114
Jarrod Uthoff,DAL,9,115,18.1,4.1,7.2,17.2,0.421,1.4,4.1,0.333,2.3,3.2,0.714,3.6,6.3,0.9,1.8,1.4,3.6,107,109
Jonas Valančiūnas,TOR,80,2066,23.5,1.4,9.6,17.2,0.557,0.0,0.0,0.500,4.3,5.3,0.811,5.5,13.1,0.9,1.5,2.6,5.3,120,105
Denzel Valentine,CHI,57,976,15.0,3.3,5.3,14.9,0.354,3.8,10.7,0.351,0.7,0.9,0.778,0.6,7.2,1.5,0.4,2.5,4.4,95,108
Fred VanVleet,TOR,37,294,18.4,6.0,6.7,19.1,0.351,1.9,5.0,0.379,3.1,3.8,0.818,0.7,6.6,2.8,0.5,2.6,6.2,96,106
Anderson Varejao,GSW,14,92,9.4,5.2,2.6,7.3,0.357,0.0,0.0,,4.2,5.8,0.727,6.3,7.8,1.6,1.6,4.2,8.4,104,104
Greivis Vasquez,BRK,3,39,8.5,6.1,2.4,9.7,0.250,1.2,3.6,0.333,2.4,3.6,0.667,0.0,2.4,1.2,1.2,1.2,7.3,91,113
Rashad Vaughn,MIL,41,458,15.7,2.6,6.3,17.3,0.365,2.9,9.0,0.321,0.2,0.6,0.400,0.4,5.0,2.1,1.1,1.6,3.5,89,110
Noah Vonleh,POR,74,1265,12.8,1.2,5.1,10.6,0.481,0.3,0.8,0.350,2.4,3.7,0.638,5.1,10.0,1.2,1.1,2.5,6.0,106,110
Nikola Vučević,ORL,75,2163,25.1,4.8,11.1,23.6,0.468,0.5,1.7,0.307,2.5,3.7,0.669,4.0,13.8,1.7,1.7,2.7,4.1,103,105
Sasha Vujacic,NYK,42,408,15.2,6.4,5.1,16.7,0.309,2.8,9.1,0.311,2.1,2.9,0.708,1.5,5.8,1.6,0.2,2.0,4.7,98,113
Dwyane Wade,CHI,60,1792,30.8,6.4,11.6,26.8,0.434,1.3,4.1,0.310,6.3,7.9,0.794,1.8,5.8,2.4,1.2,3.9,3.1,103,106
Dion Waiters,MIA,46,1384,26.6,7.3,10.2,24.1,0.424,3.1,7.8,0.395,3.0,4.6,0.646,0.7,4.9,1.5,0.7,3.8,3.5,101,109
Kemba Walker,CHO,79,2739,33.5,7.9,11.8,26.5,0.444,4.4,11.0,0.399,5.6,6.6,0.847,0.8,4.8,1.6,0.4,3.1,2.2,113,111
John Wall,WAS,78,2836,31.4,14.4,11.2,24.9,0.451,1.5,4.7,0.327,7.3,9.2,0.801,1.0,4.6,2.7,0.9,5.6,2.6,111,108
Taurean Waller-Prince,ATL,59,981,16.8,2.8,5.7,14.3,0.400,1.7,5.1,0.324,3.7,4.7,0.787,1.3,6.6,2.2,1.4,3.1,4.8,96,105
T.J. Warren,PHO,66,2048,22.2,1.8,9.4,19.0,0.495,0.6,2.3,0.265,2.8,3.6,0.773,2.9,5.0,1.8,0.9,1.3,4.1,113,113
C.J. Watson,ORL,62,1012,13.8,5.6,4.7,12.1,0.387,1.6,5.1,0.305,2.8,3.2,0.864,0.8,3.6,2.1,0.1,2.3,4.1,103,112
Briante Weber,TOT,20,205,15.0,5.1,6.1,14.5,0.417,0.2,2.4,0.100,2.7,3.9,0.688,1.9,4.4,2.9,0.2,1.9,3.9,100,107
Briante Weber,GSW,7,46,12.6,5.2,5.2,14.6,0.357,0.0,3.1,0.000,2.1,3.1,0.667,0.0,4.2,3.1,1.0,3.1,4.2,80,104
Briante Weber,CHO,13,159,15.8,5.0,6.3,14.5,0.435,0.3,2.2,0.143,2.8,4.1,0.692,2.5,4.4,2.8,0.0,1.6,3.8,106,108
David West,GSW,68,854,17.8,8.5,7.6,14.2,0.536,0.2,0.5,0.375,2.4,3.2,0.768,2.6,8.8,2.4,2.7,4.4,5.9,109,100
Russell Westbrook,OKC,81,2802,44.8,14.7,14.4,34.0,0.425,3.5,10.2,0.343,12.4,14.7,0.845,2.4,12.7,2.3,0.5,7.7,3.3,112,104
Okaro White,MIA,35,471,10.5,2.2,3.5,9.3,0.379,1.3,3.6,0.353,2.1,2.4,0.909,2.7,6.1,1.1,1.1,1.9,5.6,104,108
Isaiah Whitehead,BRK,73,1643,15.7,5.5,5.9,14.7,0.402,1.3,4.3,0.295,2.6,3.3,0.805,0.9,4.4,1.2,1.0,4.1,5.0,91,113
Hassan Whiteside,MIA,77,2513,26.3,1.1,10.9,19.5,0.557,0.0,0.0,,4.5,7.2,0.628,5.9,15.9,1.1,3.2,3.1,4.5,113,100
Andrew Wiggins,MIN,82,3048,32.2,3.1,11.8,26.1,0.452,1.7,4.8,0.356,6.9,9.0,0.760,1.7,3.8,1.4,0.5,3.1,3.0,107,115
C.J. Wilcox,ORL,22,108,9.6,5.5,3.7,14.2,0.258,1.4,6.9,0.200,0.9,0.9,1.000,1.8,3.7,0.9,0.5,2.8,3.7,77,114
Alan Williams,PHO,47,708,23.4,1.6,9.3,18.1,0.517,0.0,0.1,0.000,4.7,7.6,0.625,6.4,13.4,1.8,2.2,2.5,8.5,113,106
Deron Williams,TOT,64,1657,21.7,11.2,8.2,18.6,0.438,2.6,7.3,0.363,2.8,3.4,0.826,0.4,4.1,1.0,0.2,4.3,4.3,106,113
Deron Williams,DAL,40,1171,23.2,12.2,8.7,20.1,0.430,2.8,8.0,0.348,3.1,3.7,0.821,0.6,4.0,1.1,0.1,4.4,4.3,106,112
Deron Williams,CLE,24,486,18.4,8.8,7.0,15.1,0.463,2.3,5.4,0.415,2.2,2.6,0.840,0.1,4.5,0.6,0.6,4.1,4.3,107,114
Derrick Williams,TOT,50,804,19.0,1.7,6.7,15.2,0.443,1.9,6.0,0.309,3.6,5.6,0.652,1.2,6.9,0.9,0.4,1.7,3.7,106,111
Derrick Williams,MIA,25,377,19.8,1.9,7.2,18.3,0.394,1.2,6.0,0.200,4.1,6.7,0.620,2.1,7.6,1.2,0.7,1.9,4.4,97,108
Derrick Williams,CLE,25,427,18.2,1.6,6.3,12.5,0.505,2.5,6.1,0.404,3.2,4.6,0.692,0.4,6.3,0.6,0.2,1.6,3.2,117,113
Lou Williams,TOT,81,1994,34.6,5.8,10.4,24.3,0.429,4.0,10.8,0.365,9.8,11.1,0.880,0.6,4.3,1.9,0.5,3.9,2.2,115,113
Lou Williams,LAL,58,1403,37.4,6.4,11.3,25.5,0.444,4.2,11.0,0.385,10.6,11.9,0.884,0.5,4.1,2.3,0.4,4.2,2.3,118,114
Lou Williams,HOU,23,591,27.9,4.5,8.3,21.4,0.386,3.3,10.5,0.318,8.0,9.2,0.867,1.0,4.7,1.2,0.7,3.2,2.0,109,112
Marvin Williams,CHO,76,2295,18.6,2.3,6.5,15.4,0.422,2.7,7.7,0.350,2.9,3.3,0.873,1.9,9.0,1.3,1.2,1.3,2.9,111,108
Reggie Williams,NOP,6,79,16.7,2.5,5.0,14.3,0.348,3.1,6.8,0.455,3.7,4.3,0.857,1.2,2.5,1.9,0.0,0.0,1.2,115,111
Troy Williams,TOT,30,557,16.9,2.3,6.7,15.3,0.437,1.6,5.7,0.290,1.9,2.9,0.656,1.4,4.9,2.5,0.9,2.9,5.5,95,107
Troy Williams,MEM,24,418,15.8,2.4,6.3,15.3,0.415,1.2,5.1,0.244,1.9,3.1,0.600,0.7,4.9,3.0,1.1,3.2,5.2,87,105
Troy Williams,HOU,6,139,20.0,2.1,7.6,15.2,0.500,2.8,7.3,0.381,2.1,2.4,0.857,3.1,5.2,1.0,0.3,2.1,6.2,119,112
Kyle Wiltjer,HOU,14,44,14.2,2.2,4.4,15.3,0.286,4.4,14.2,0.308,1.1,2.2,0.500,4.4,6.5,3.3,1.1,5.5,4.4,81,105
Justise Winslow,MIA,18,625,15.8,5.3,6.5,18.1,0.356,0.6,2.8,0.200,2.3,3.8,0.617,1.9,5.7,2.1,0.5,2.7,4.2,88,107
Jeff Withey,UTA,51,432,17.7,0.8,6.7,12.5,0.534,0.0,0.1,0.000,4.4,5.8,0.750,6.3,8.4,1.9,3.9,1.7,6.3,124,100
Christian Wood,CHO,13,107,16.4,0.9,5.6,10.8,0.522,0.0,2.3,0.000,5.2,7.0,0.733,6.6,7.0,1.4,2.8,3.3,5.2,113,106
Metta World Peace,LAL,25,160,17.4,3.3,5.8,20.7,0.279,2.7,11.6,0.237,3.0,4.9,0.625,1.5,4.6,3.0,0.6,2.1,5.5,84,111
Brandan Wright,MEM,28,447,22.0,1.7,9.7,15.7,0.615,0.0,0.1,0.000,2.7,4.1,0.657,3.6,5.5,1.3,2.3,1.2,4.9,127,107
Delon Wright,TOR,27,446,17.0,6.5,5.6,13.2,0.422,1.1,3.4,0.333,4.8,6.3,0.764,1.8,3.6,3.1,1.3,2.8,3.5,111,107
James Young,BOS,29,220,15.3,0.9,5.6,13.1,0.431,2.7,7.9,0.343,1.4,2.0,0.667,1.4,4.5,2.3,0.5,0.9,3.4,108,109
Joe Young,IND,33,135,25.2,5.6,9.6,26.7,0.361,1.9,8.5,0.217,4.1,5.6,0.733,0.4,5.9,1.5,0.0,1.9,1.9,93,111
Nick Young,LAL,60,1556,24.8,1.8,8.5,19.8,0.430,5.3,13.2,0.404,2.4,2.8,0.856,0.8,3.5,1.2,0.4,1.1,4.3,118,116
Thaddeus Young,IND,74,2237,18.2,2.7,8.1,15.4,0.527,1.0,2.6,0.381,1.0,1.9,0.523,2.9,7.1,2.5,0.6,2.1,3.0,109,107
Cody Zeller,CHO,62,1725,18.6,2.9,7.4,12.9,0.571,0.0,0.0,0.000,3.9,5.7,0.679,3.9,7.9,1.8,1.7,1.9,5.5,121,107
Tyler Zeller,BOS,51,525,16.8,4.0,7.4,14.9,0.494,0.0,0.1,0.000,2.1,3.7,0.564,4.1,7.7,0.7,2.0,1.9,5.8,109,109
Stephen Zimmerman,ORL,19,108,10.6,1.8,4.6,14.2,0.323,0.0,0.0,,1.4,2.3,0.600,5.0,11.0,0.9,2.3,1.4,7.8,86,108
Paul Zipser,CHI,44,843,14.3,2.2,5.3,13.2,0.398,2.0,5.9,0.333,1.9,2.4,0.775,0.9,6.6,0.9,1.0,2.4,4.7,96,109
Ivica Zubac,LAL,38,609,22.7,2.4,10.1,19.0,0.529,0.0,0.2,0.000,2.6,3.9,0.653,3.3,9.4,1.1,2.6,2.4,5.3,108,110